markId,description,number,subjectId,studentId,teacherId,date
1,Good,4,94,39,81,134,1998-05-03
2,Good,5,46,32,57,283,1955-02-13
3,Excellent,5,72,29,319,118,1992-11-28
4,Average,4,20,10,17,235,1975-03-30
5,Average,3,72,27,276,41,1965-12-31
6,Poor,2,71,10,56,300,1990-01-18
7,Average,4,45,47,206,324,1975-03-31
8,Poor,2,68,42,63,23,1962-09-28
9,Excellent,5,65,24,106,267,1975-04-26
10,Average,4,45,15,224,252,1957-10-21
11,Poor,2,71,15,181,98,1959-11-03
12,Average,3,92,20,43,242,1986-03-05
13,Excellent,5,83,12,80,117,1991-11-25
14,Fair,3,00,20,76,245,1971-04-15
15,Poor,2,61,24,295,7,2005-06-04
16,Good,5,16,23,332,268,1968-10-12
17,Poor,2,60,21,249,249,1998-10-09
18,Poor,2,45,24,239,262,1985-09-15
19,Average,3,81,30,154,97,1983-10-13
20,Average,4,35,19,28,63,1960-06-17
21,Poor,2,56,32,57,283,1990-01-17
22,Average,4,25,26,327,30,1982-12-19
23,Average,3,56,24,218,185,1956-09-09
24,Average,3,85,23,332,268,2000-03-28
25,Fair,3,01,25,75,164,1988-07-09
26,Average,3,73,9,44,255,1953-04-07
27,Poor,2,21,8,215,200,1980-01-21
28,Average,3,62,25,257,327,2001-08-11
29,Excellent,5,77,10,58,70,1955-07-18
30,Average,3,52,40,71,287,1986-01-30
31,Excellent,5,86,45,141,190,1977-03-18
32,Good,4,84,42,203,128,1994-12-06
33,Excellent,5,51,19,190,105,1979-09-01
34,Good,4,85,24,171,80,1997-08-15
35,Excellent,5,60,7,11,38,1969-04-26
36,Poor,2,91,29,289,296,1975-01-23
37,Excellent,5,67,23,332,268,1965-08-29
38,Average,4,40,31,41,174,1970-11-12
39,Poor,2,19,37,70,33,1993-04-17
40,Average,4,09,44,162,149,1996-09-14
41,Poor,2,64,14,82,22,1965-10-04
42,Good,5,06,39,293,100,2001-02-05
43,Poor,2,56,16,113,286,1976-08-26
44,Average,3,52,15,224,252,1998-10-12
45,Good,5,41,47,223,51,2005-10-22
46,Fair,3,32,38,60,39,1999-12-19
47,Average,3,62,35,5,333,1995-01-31
48,Average,4,12,42,230,170,1985-08-14
49,Average,3,52,33,111,53,1995-06-04
50,Good,5,31,17,130,187,1972-07-26
51,Average,4,44,43,105,151,1957-02-12
52,Poor,2,55,39,31,107,2004-09-16
53,Fair,3,09,12,329,60,1962-11-27
54,Average,4,05,14,307,102,1970-12-20
55,Good,4,52,45,143,244,1976-09-24
56,Poor,2,68,18,195,8,1968-05-15
57,Average,3,89,32,69,320,2006-06-06
58,Average,3,87,41,214,176,2000-09-02
59,Fair,3,19,21,110,162,1994-09-20
60,Excellent,6,00,30,158,165,1965-09-26
61,Poor,2,50,12,7,94,1962-12-29
62,Poor,2,82,27,93,136,1981-08-19
63,Poor,2,91,18,29,264,1960-03-14
64,Average,4,12,18,29,264,1997-03-27
65,Good,4,60,40,128,301,1988-08-04
66,Average,3,87,26,259,77,1972-11-28
67,Average,4,42,33,89,222,1959-07-06
68,Poor,2,98,7,11,38,2002-04-12
69,Fair,3,40,32,87,1,1954-12-20
70,Excellent,5,71,27,93,136,1983-05-13
71,Good,5,49,24,291,295,1956-02-14
72,Average,4,21,20,254,25,1980-11-28
73,Poor,2,26,7,96,240,2000-05-30
74,Excellent,5,72,39,31,107,1995-01-29
75,Average,3,70,32,169,207,2002-09-13
76,Average,3,51,16,242,83,1996-12-12
77,Average,3,69,39,99,155,1959-04-25
78,Poor,2,04,39,31,107,1965-11-28
79,Average,4,44,11,138,79,2002-06-06
80,Excellent,5,69,47,206,324,1996-07-22
81,Poor,2,11,45,141,190,1966-03-08
82,Average,4,09,20,139,273,2002-06-09
83,Poor,2,09,10,322,5,1959-03-10
84,Poor,2,45,35,212,203,1990-12-22
85,Good,5,08,30,118,75,1981-12-19
86,Good,5,31,20,43,242,1980-07-02
87,Average,3,74,26,146,52,1985-01-09
88,Fair,3,46,32,169,207,1961-09-13
89,Poor,2,32,38,60,39,1973-11-21
90,Good,4,92,29,289,296,1953-12-12
91,Good,5,02,8,237,246,1976-08-19
92,Average,3,79,19,190,105,1972-12-27
93,Fair,3,21,9,10,157,1984-02-22
94,Poor,2,19,30,135,21,1980-07-23
95,Average,3,59,35,216,230,1986-09-17
96,Excellent,5,82,15,311,317,1992-02-15
97,Average,4,14,32,66,293,1993-11-24
98,Average,4,44,17,133,215,1987-06-02
99,Good,4,93,45,141,190,1963-03-11
100,Average,3,53,34,324,133,1985-11-24
101,Good,4,91,12,331,85,1993-06-16
102,Poor,2,63,25,313,67,2000-10-20
103,Poor,2,71,12,45,109,1983-08-27
104,Average,3,82,8,115,188,1965-01-23
105,Excellent,5,82,17,130,187,1969-06-13
106,Poor,2,23,8,136,193,1984-03-16
107,Poor,2,28,34,324,133,1957-04-19
108,Fair,3,38,18,83,294,1975-10-30
109,Poor,2,34,30,154,97,1976-04-07
110,Fair,3,00,40,189,6,1987-10-14
111,Good,5,00,33,116,61,1962-01-21
112,Average,3,85,16,269,206,1993-07-09
113,Good,5,44,12,40,266,2006-03-30
114,Average,3,50,44,155,99,2006-03-01
115,Excellent,5,89,14,122,126,2007-07-22
116,Average,4,41,33,116,61,1968-07-22
117,Poor,2,72,30,154,97,1975-06-13
118,Poor,2,46,36,281,156,1977-03-24
119,Good,5,05,17,275,237,1968-04-08
120,Good,5,29,12,127,19,1961-02-03
121,Poor,2,13,13,129,68,1995-11-20
122,Poor,2,95,37,52,12,2005-10-22
123,Poor,2,66,26,30,65,1981-05-22
124,Average,4,49,34,261,93,1954-01-08
125,Poor,2,68,15,256,305,1959-09-25
126,Average,3,69,25,88,178,1991-02-18
127,Fair,3,00,44,172,150,2004-10-06
128,Poor,2,07,24,171,80,1972-11-08
129,Average,4,12,31,160,304,1961-05-14
130,Average,3,88,9,10,157,1963-07-31
131,Good,5,38,15,256,305,1956-01-19
132,Good,5,25,14,82,22,1979-11-24
133,Fair,3,12,9,192,285,1955-09-21
134,Poor,2,91,34,179,331,1969-07-13
135,Poor,2,78,15,256,305,1956-02-07
136,Good,5,48,14,280,147,1973-05-18
137,Fair,3,37,26,326,229,1971-10-14
138,Average,4,28,12,114,303,2002-02-15
139,Poor,2,63,16,245,168,1974-07-12
140,Good,4,85,41,297,84,2005-10-04
141,Good,5,03,43,302,274,1976-03-15
142,Poor,2,36,8,174,198,1962-03-14
143,Fair,3,11,11,151,202,1993-06-07
144,Good,5,32,25,21,116,1994-02-08
145,Excellent,5,92,12,114,303,1999-11-21
146,Fair,3,16,26,97,42,1991-02-10
147,Average,4,36,25,257,327,1974-09-30
148,Excellent,5,71,36,281,156,1985-12-23
149,Poor,2,31,45,207,243,1981-01-01
150,Good,5,19,45,51,181,1971-02-26
151,Good,5,09,22,226,248,1969-09-04
152,Average,3,68,28,282,135,1969-09-03
153,Good,5,40,24,291,295,1972-02-25
154,Excellent,5,64,36,281,156,1955-02-05
155,Fair,3,40,34,314,130,1998-01-05
156,Average,3,95,28,73,76,1995-08-25
157,Excellent,5,97,26,285,78,1972-06-01
158,Average,4,23,36,281,156,1982-08-19
159,Fair,3,13,7,33,129,1958-05-01
160,Average,4,13,9,234,123,1986-04-26
161,Good,5,24,44,91,297,1987-06-11
162,Poor,2,21,40,23,208,1992-06-11
163,Good,5,26,9,173,87,1967-06-18
164,Average,4,46,33,178,103,1965-09-09
165,Average,3,63,32,279,220,1984-09-25
166,Excellent,5,76,7,262,299,1990-02-28
167,Poor,2,72,36,161,217,1990-10-20
168,Good,4,52,10,253,184,1989-09-17
169,Poor,2,71,30,118,75,2003-01-24
170,Poor,2,40,24,239,262,1987-03-07
171,Fair,3,03,19,277,177,2004-10-09
172,Average,4,45,34,314,130,1981-04-28
173,Excellent,5,83,20,43,242,1955-09-14
174,Poor,2,19,20,254,25,1970-07-05
175,Poor,2,26,27,93,136,1992-11-21
176,Excellent,5,77,34,15,160,1986-09-08
177,Excellent,5,85,17,287,302,1965-05-18
178,Fair,3,35,33,164,101,1995-04-13
179,Good,4,57,42,64,34,1962-02-17
180,Excellent,5,52,42,203,128,1976-08-14
181,Good,5,33,13,137,224,1969-05-22
182,Fair,3,29,31,163,17,1971-10-15
183,Excellent,5,76,32,299,263,1999-11-08
184,Good,4,94,27,221,323,1998-03-18
185,Good,4,80,47,286,40,2001-11-25
186,Average,3,70,23,308,256,1994-05-17
187,Excellent,5,85,14,86,66,1960-09-29
188,Fair,3,49,44,176,204,1953-08-17
189,Excellent,5,52,24,218,185,1979-07-09
190,Good,4,83,13,123,191,1968-06-15
191,Excellent,5,52,7,96,240,1953-12-17
192,Good,5,15,15,231,254,1997-02-24
193,Fair,3,14,44,27,250,1996-10-17
194,Good,4,51,22,200,292,1996-03-17
195,Excellent,5,62,29,149,154,1971-04-27
196,Good,4,81,35,147,199,1991-10-05
197,Fair,3,10,46,201,24,2002-09-27
198,Good,4,66,44,104,197,1980-09-29
199,Average,3,69,18,303,179,1962-05-16
200,Poor,2,16,44,91,297,1962-09-23
201,Poor,2,43,28,296,192,1953-04-24
202,Excellent,5,85,11,222,221,1993-01-12
203,Good,5,00,18,29,264,1990-11-30
204,Excellent,5,92,45,283,319,2001-10-28
205,Average,4,15,18,266,48,1974-05-20
206,Poor,2,64,10,1,62,1996-05-09
207,Average,3,86,38,267,257,1966-12-22
208,Good,5,21,9,234,123,1954-08-24
209,Good,5,37,37,300,218,1970-03-17
210,Average,3,63,24,218,185,1964-04-29
211,Average,4,11,23,39,289,1983-04-10
212,Good,4,62,25,313,67,1985-02-18
213,Excellent,5,66,16,120,290,1973-07-03
214,Average,3,61,45,143,244,1989-09-17
215,Good,4,80,14,280,147,1969-12-06
216,Average,3,94,36,193,233,1968-08-27
217,Poor,2,45,28,73,76,2000-08-03
218,Poor,2,32,19,25,56,1977-04-01
219,Excellent,5,67,17,84,96,1971-10-15
220,Excellent,5,93,38,267,257,1998-05-11
221,Excellent,5,91,11,222,221,1982-06-02
222,Good,5,24,12,40,266,1990-03-06
223,Good,5,01,10,56,300,1963-03-13
224,Average,3,89,7,125,280,1987-08-12
225,Poor,2,89,35,62,20,1986-03-21
226,Average,3,89,13,157,231,1960-08-15
227,Fair,3,30,40,210,29,1992-07-12
228,Fair,3,31,21,195,8,1967-06-29
229,Poor,2,58,39,183,288,2007-03-10
230,Fair,3,45,18,6,261,1954-02-18
231,Good,4,67,7,92,182,1991-12-13
232,Fair,3,19,28,35,318,1992-08-18
233,Excellent,5,67,28,159,112,1985-11-29
234,Average,4,40,20,112,269,2007-05-27
235,Good,5,08,27,202,277,1976-04-23
236,Good,5,49,18,303,179,1984-05-09
237,Average,4,30,14,122,126,1988-11-15
238,Excellent,5,85,7,185,279,2006-01-10
239,Poor,2,79,35,144,108,1976-10-30
240,Average,4,16,31,78,72,1958-07-19
241,Excellent,5,85,28,95,125,1980-05-27
242,Poor,2,64,24,239,262,1959-02-07
243,Average,4,13,12,40,266,1991-06-03
244,Average,3,88,13,38,35,1968-03-11
245,Poor,2,72,24,295,7,1993-03-07
246,Poor,2,89,44,176,204,1976-10-28
247,Excellent,5,50,33,247,113,1976-08-25
248,Excellent,5,53,29,149,154,1960-01-31
249,Excellent,5,72,40,170,4,1979-04-13
250,Average,3,67,45,79,226,1955-09-01
251,Average,4,36,34,261,93,1999-03-03
252,Poor,2,77,16,273,223,1978-06-28
253,Good,4,99,41,214,176,1961-12-16
254,Average,3,76,16,242,83,1972-01-05
255,Poor,2,26,26,259,77,1988-04-23
256,Fair,3,20,7,11,38,1971-02-19
257,Poor,2,83,36,9,201,1982-11-03
258,Fair,3,10,17,84,96,1956-04-21
259,Good,5,03,26,255,74,1968-08-09
260,Poor,2,25,21,227,227,1966-10-06
261,Good,5,34,42,64,34,1956-10-29
262,Poor,2,54,47,223,51,2007-06-25
263,Good,4,62,38,109,46,1955-06-16
264,Average,3,91,42,236,189,1969-01-27
265,Good,4,96,35,62,20,1980-05-18
266,Poor,2,92,29,288,167,1998-08-22
267,Good,4,96,46,232,186,2007-03-23
268,Fair,3,25,7,33,129,1974-02-06
269,Good,4,53,24,291,295,1966-05-28
270,Good,5,31,22,226,248,1993-07-30
271,Excellent,5,65,40,153,328,1987-10-13
272,Poor,2,61,12,331,85,2002-07-25
273,Excellent,5,54,24,171,80,1953-06-03
274,Average,3,51,21,36,140,1966-03-30
275,Poor,2,08,10,233,332,1970-12-16
276,Good,5,26,11,243,276,1976-04-26
277,Fair,3,11,13,38,35,2006-10-04
278,Fair,3,12,10,17,235,2003-01-02
279,Fair,3,17,30,118,75,2002-06-06
280,Excellent,6,00,31,41,174,1962-05-25
281,Average,4,39,21,271,271,1991-12-21
282,Average,3,77,35,212,203,1985-06-12
283,Average,3,60,38,267,257,1996-03-18
284,Good,4,91,9,294,146,2004-07-10
285,Good,5,10,26,97,42,1962-12-19
286,Average,3,89,10,322,5,1966-06-17
287,Average,4,20,9,294,146,1983-09-04
288,Average,3,90,33,134,138,1966-11-25
289,Average,4,14,7,108,169,1972-02-04
290,Average,3,88,10,253,184,1958-03-06
291,Good,4,66,19,28,63,1954-07-07
292,Fair,3,19,28,282,135,1985-07-27
293,Poor,2,82,38,94,209,1990-06-04
294,Poor,2,53,42,236,189,1963-01-25
295,Good,4,82,47,54,127,1954-09-21
296,Good,5,31,35,5,333,1980-12-03
297,Average,4,02,45,143,244,1956-08-24
298,Poor,2,21,33,164,101,1975-05-07
299,Good,4,93,30,135,21,1995-10-24
300,Excellent,5,81,27,276,41,2002-07-17
301,Average,3,94,9,217,326,1977-08-07
302,Average,4,24,14,86,66,1955-07-21
303,Fair,3,00,29,149,154,2001-09-05
304,Poor,2,40,20,254,25,1993-09-14
305,Average,4,02,16,242,83,1975-11-19
306,Average,3,75,46,321,18,2004-08-09
307,Fair,3,24,16,113,286,1978-01-26
308,Fair,3,48,21,227,227,2003-09-19
309,Average,3,68,36,228,330,1954-01-21
310,Fair,3,00,25,75,164,1964-12-28
311,Poor,2,08,7,262,299,1972-05-17
312,Excellent,5,72,13,123,191,1987-11-02
313,Excellent,5,94,36,281,156,1961-11-15
314,Good,5,03,42,230,170,1959-03-19
315,Average,3,86,24,218,185,1982-10-16
316,Average,3,56,11,120,290,1979-05-19
317,Good,4,95,16,120,290,1964-04-09
318,Excellent,5,72,15,268,307,1958-12-06
319,Good,4,82,12,45,109,1959-02-10
320,Fair,3,07,38,94,209,1966-12-02
321,Good,4,72,28,35,318,1967-12-20
322,Fair,3,05,28,73,76,1993-04-29
323,Good,5,12,13,59,166,1955-01-03
324,Poor,2,65,42,64,34,1961-03-25
325,Poor,2,65,19,190,105,1992-01-24
326,Average,4,46,26,259,77,1955-03-19
327,Excellent,5,79,32,69,320,1965-02-20
328,Good,5,00,9,156,259,1998-05-09
329,Good,4,69,44,124,81,1964-07-09
330,Poor,2,78,27,221,323,1998-01-12
331,Fair,3,24,8,100,31,1972-09-02
332,Poor,2,90,26,30,65,1984-05-31
333,Average,4,20,18,29,264,1960-03-11
334,Fair,3,36,20,43,242,2007-11-20
335,Average,4,06,26,326,229,1992-10-17
336,Poor,2,15,37,330,291,1989-06-03
337,Poor,2,77,10,77,175,1991-10-08
338,Fair,3,19,19,312,219,1955-07-06
339,Poor,2,88,46,152,16,1981-08-22
340,Fair,3,35,43,187,59,1966-05-12
341,Poor,2,65,46,201,24,1996-05-22
342,Poor,2,71,30,135,21,1987-12-16
343,Poor,2,22,22,37,36,1965-11-04
344,Fair,3,13,8,174,198,1960-02-07
345,Average,3,80,47,278,141,1993-10-19
346,Good,4,94,19,244,119,1974-09-05
347,Fair,3,25,30,158,165,1976-09-12
348,Average,3,79,37,70,33,1984-03-18
349,Good,4,67,20,43,242,1988-04-11
350,Fair,3,25,38,94,209,1983-05-05
351,Poor,2,35,27,93,136,1969-08-27
352,Average,4,31,47,223,51,2005-09-19
353,Fair,3,40,9,294,146,1969-03-27
354,Average,3,86,21,249,249,1981-11-23
355,Fair,3,08,8,124,81,1987-07-30
356,Poor,2,88,15,191,213,1992-04-10
357,Good,5,13,14,280,147,1953-07-18
358,Poor,2,35,35,194,205,1993-06-14
359,Excellent,5,76,45,141,190,1954-08-23
360,Excellent,5,57,28,73,76,1973-09-03
361,Average,3,96,12,114,303,1992-06-19
362,Average,4,25,22,246,321,1987-09-20
363,Good,4,79,47,223,51,1992-03-13
364,Poor,2,89,37,42,325,1964-01-09
365,Excellent,5,77,29,238,265,2000-04-27
366,Good,5,19,38,306,309,1995-12-18
367,Average,3,51,16,113,286,1980-08-24
368,Good,4,57,16,245,168,1961-12-27
369,Poor,2,97,12,114,303,1974-06-02
370,Average,3,71,7,185,279,2001-05-15
371,Poor,2,79,36,281,156,1995-08-12
372,Average,3,76,32,299,263,1961-10-05
373,Good,4,83,21,249,249,1985-04-15
374,Fair,3,47,17,47,44,2000-10-01
375,Poor,2,41,31,310,173,1978-07-13
376,Average,4,00,22,16,322,1988-01-04
377,Poor,2,83,30,135,21,1980-06-25
378,Average,3,98,40,34,284,2002-11-26
379,Good,4,85,9,192,285,1975-06-06
380,Average,3,71,24,239,262,1970-05-21
381,Fair,3,20,33,298,120,1986-07-07
382,Average,4,00,20,254,25,1988-12-04
383,Poor,2,32,34,314,130,1963-01-28
384,Fair,3,43,33,164,101,1989-03-06
385,Poor,2,42,24,20,45,1981-05-19
386,Good,4,93,23,209,311,1974-12-15
387,Excellent,5,50,35,216,230,1968-03-06
388,Poor,2,33,23,39,289,1986-04-19
389,Poor,2,28,9,264,137,1973-04-24
390,Fair,3,17,36,9,201,1953-07-09
391,Fair,3,02,21,227,227,1988-11-16
392,Poor,2,42,17,133,215,2006-04-25
393,Fair,3,43,16,53,278,1953-11-14
394,Fair,3,32,33,247,113,1960-12-20
395,Good,5,39,29,204,158,1981-11-22
396,Average,4,41,26,146,52,1961-09-02
397,Average,3,93,41,103,239,2003-10-05
398,Good,5,33,17,84,96,1954-10-27
399,Fair,3,37,45,220,272,1967-10-13
400,Good,4,61,11,138,79,2005-11-01
401,Fair,3,43,45,283,319,2002-01-11
402,Good,4,68,36,188,232,1967-09-18
403,Poor,2,82,39,99,155,1962-10-18
404,Poor,2,96,26,97,42,1994-11-28
405,Poor,2,46,17,287,302,1995-09-23
406,Good,4,60,43,302,274,1960-11-22
407,Good,5,49,23,265,91,1973-06-06
408,Excellent,5,94,15,256,305,1976-06-26
409,Fair,3,44,20,305,28,1956-05-13
410,Good,5,08,37,330,291,2007-07-26
411,Poor,2,05,22,226,248,1964-10-16
412,Fair,3,15,46,177,270,1958-08-22
413,Average,3,50,38,60,39,1971-01-09
414,Average,4,05,45,143,244,1992-04-03
415,Average,4,37,16,245,168,1995-02-28
416,Excellent,5,97,11,222,221,1956-07-16
417,Average,3,92,9,10,157,1977-08-23
418,Fair,3,35,41,103,239,1956-01-08
419,Poor,2,47,31,229,86,1990-08-23
420,Poor,2,84,39,31,107,1978-05-15
421,Excellent,5,69,42,230,170,1980-10-14
422,Fair,3,17,40,128,301,2002-05-08
423,Average,4,29,36,198,241,1996-09-03
424,Excellent,5,80,23,225,27,1973-11-24
425,Poor,2,69,29,288,167,1965-06-29
426,Poor,2,36,37,175,92,1997-04-19
427,Poor,2,32,25,75,164,1960-11-22
428,Average,3,51,25,165,247,1977-04-27
429,Average,4,08,20,333,210,1971-11-11
430,Average,4,01,10,1,62,1969-11-10
431,Poor,2,07,26,259,77,1992-04-01
432,Average,3,50,46,201,24,1978-08-30
433,Poor,2,61,47,206,324,1988-02-15
434,Poor,2,24,43,105,151,1977-08-04
435,Poor,2,28,32,299,263,1976-05-09
436,Good,4,52,36,193,233,1971-10-21
437,Fair,3,17,41,101,225,1979-02-18
438,Good,5,37,17,328,11,1976-03-02
439,Poor,2,97,47,72,161,2001-06-14
440,Average,3,83,36,198,241,1973-06-27
441,Good,5,45,24,218,185,1954-07-11
442,Excellent,5,57,34,48,142,1999-09-11
443,Good,4,90,10,58,70,1982-12-07
444,Fair,3,20,33,298,120,1973-09-29
445,Fair,3,11,44,251,214,1996-09-23
446,Excellent,5,87,42,63,23,1983-03-28
447,Good,4,93,46,241,211,1988-04-16
448,Good,5,39,47,72,161,1969-08-12
449,Good,4,96,34,179,331,1973-10-23
450,Good,5,43,7,262,299,1978-05-09
451,Poor,2,48,19,323,258,1992-01-10
452,Poor,2,57,24,291,295,2000-09-28
453,Good,4,86,21,271,271,1972-03-06
454,Poor,2,53,42,205,153,1997-05-31
455,Good,4,92,30,325,69,1978-01-19
456,Poor,2,25,40,189,6,2007-09-06
457,Poor,2,39,24,218,185,1979-01-14
458,Fair,3,02,25,309,49,1996-11-24
459,Poor,2,26,34,48,142,1982-06-01
460,Poor,2,10,18,248,32,2006-06-06
461,Average,4,27,25,75,164,2007-12-31
462,Average,3,98,35,5,333,2004-02-09
463,Average,3,85,32,299,263,1957-08-17
464,Good,5,43,8,304,329,1994-07-03
465,Good,5,01,9,264,137,1968-04-26
466,Good,4,56,45,51,181,1994-02-16
467,Poor,2,54,14,86,66,1978-07-08
468,Fair,3,25,31,160,304,2001-06-06
469,Average,3,76,31,310,173,1968-11-25
470,Excellent,5,85,9,294,146,1976-05-10
471,Good,4,79,31,132,234,1985-05-29
472,Good,4,55,15,121,50,1954-06-24
473,Poor,2,38,26,146,52,1962-07-26
474,Good,4,65,38,19,313,1970-02-26
475,Fair,3,40,39,99,155,1976-11-04
476,Poor,2,12,43,50,281,1989-02-02
477,Average,4,28,9,217,326,1972-06-01
478,Fair,3,08,46,219,37,1975-12-07
479,Good,4,68,40,18,163,1985-03-03
480,Poor,2,82,35,140,236,1990-04-03
481,Fair,3,43,47,290,114,1962-01-03
482,Poor,2,94,29,204,158,1999-04-12
483,Good,4,56,7,96,240,1956-07-06
484,Good,4,66,32,69,320,2001-07-04
485,Average,3,53,17,328,11,1985-11-01
486,Excellent,5,51,26,259,77,1999-07-04
487,Good,4,65,10,17,235,1959-06-27
488,Poor,2,07,42,203,128,1998-09-17
489,Fair,3,32,41,297,84,2007-07-17
490,Poor,2,03,39,55,124,1976-09-03
491,Average,4,13,22,246,321,2000-10-06
492,Poor,2,15,34,261,93,1990-03-27
493,Good,5,10,45,320,121,2001-10-01
494,Poor,2,86,23,225,27,2003-01-08
495,Excellent,5,56,18,266,48,1973-06-28
496,Fair,3,47,7,96,240,1958-06-02
497,Average,3,71,17,328,11,1995-01-26
498,Good,5,48,22,226,248,1996-06-05
499,Average,4,20,7,262,299,1958-06-05
500,Good,4,56,38,197,216,1955-08-08
501,Good,5,33,8,174,198,1957-09-21
502,Average,3,67,23,8,104,1994-11-11
503,Average,3,62,10,1,62,1953-09-18
504,Good,5,11,9,192,285,2005-06-14
505,Poor,2,63,28,35,318,2000-12-11
506,Average,3,94,13,123,191,1990-07-20
507,Poor,2,18,33,46,145,1991-03-06
508,Poor,2,21,40,18,163,1955-01-09
509,Good,5,14,39,81,134,1973-07-27
510,Good,4,79,28,73,76,1996-12-16
511,Average,3,97,10,17,235,1988-04-07
512,Good,5,31,36,281,156,1956-02-09
513,Average,4,34,12,114,303,1964-09-23
514,Good,5,45,39,293,100,2000-02-29
515,Good,4,67,44,251,214,1997-06-04
516,Fair,3,33,47,72,161,1961-09-20
517,Good,5,42,25,257,327,2000-08-06
518,Good,5,20,24,218,185,1964-02-13
519,Average,3,90,25,88,178,1961-09-02
520,Excellent,5,50,30,158,165,1976-10-24
521,Excellent,5,91,12,7,94,1987-08-24
522,Poor,2,46,34,180,26,1987-10-21
523,Excellent,5,94,7,262,299,2001-11-21
524,Average,3,73,7,125,280,2000-03-24
525,Average,3,72,8,174,198,1983-08-04
526,Good,4,64,35,144,108,2003-03-05
527,Good,5,45,16,269,206,1960-09-22
528,Excellent,5,52,38,19,313,1967-07-19
529,Good,5,09,47,206,324,2004-08-31
530,Excellent,5,94,40,18,163,1971-06-05
531,Average,4,42,33,89,222,2002-01-08
532,Good,4,81,47,115,188,1983-12-28
533,Good,4,89,38,197,216,1970-07-04
534,Poor,2,11,15,181,98,1982-07-27
535,Average,3,50,43,302,274,1985-07-13
536,Excellent,5,77,21,36,140,1975-02-23
537,Good,5,32,17,287,302,1998-07-26
538,Good,5,45,16,113,286,1959-01-23
539,Average,4,02,36,274,152,1953-07-24
540,Excellent,5,60,17,130,187,2003-04-14
541,Good,5,33,30,118,75,1961-05-01
542,Average,4,44,20,254,25,1957-06-18
543,Poor,2,94,39,81,134,1978-02-21
544,Good,4,53,20,254,25,1963-08-01
545,Average,4,06,33,134,138,1996-05-29
546,Good,4,82,13,137,224,1997-08-29
547,Average,3,81,42,199,71,1978-07-04
548,Excellent,5,66,20,43,242,1954-08-04
549,Average,4,20,40,18,163,1958-08-07
550,Average,4,23,44,172,150,1964-10-08
551,Average,4,05,44,27,250,1965-10-27
552,Good,4,51,17,95,125,1983-12-14
553,Average,3,58,47,206,324,1987-10-05
554,Good,4,70,44,176,204,1989-08-12
555,Good,4,65,33,178,103,1975-12-15
556,Good,4,86,21,90,253,1977-12-01
557,Average,3,74,43,50,281,2000-12-20
558,Excellent,5,90,18,4,180,1961-06-27
559,Fair,3,39,22,186,90,1974-11-11
560,Average,4,00,8,215,200,2005-10-09
561,Average,4,49,47,223,51,1982-10-28
562,Poor,2,66,31,310,173,1976-08-19
563,Fair,3,12,33,89,222,1958-05-11
564,Good,5,21,7,96,240,1955-02-22
565,Poor,2,37,40,189,6,2002-12-09
566,Good,5,17,12,80,117,1957-04-11
567,Poor,2,42,38,267,257,1993-08-08
568,Average,4,22,35,147,199,1990-02-27
569,Average,3,94,19,28,63,1967-08-19
570,Good,4,91,40,189,6,1975-04-12
571,Average,4,01,25,2,111,1971-02-26
572,Excellent,5,98,36,274,152,1994-07-15
573,Fair,3,17,46,219,37,1963-07-24
574,Average,4,31,20,254,25,1966-05-21
575,Poor,2,17,13,182,73,1968-06-26
576,Fair,3,47,11,49,13,1983-03-09
577,Excellent,5,52,35,140,236,1962-08-31
578,Fair,3,40,33,298,120,1991-04-24
579,Excellent,5,67,14,240,144,1956-10-26
580,Good,4,90,47,278,141,1993-12-06
581,Poor,2,83,21,36,140,1977-09-01
582,Excellent,5,80,7,262,299,1959-02-20
583,Fair,3,32,39,293,100,1961-12-12
584,Poor,2,86,8,107,55,1992-11-23
585,Average,3,88,16,269,206,1958-08-10
586,Excellent,5,91,47,72,161,1971-01-26
587,Fair,3,22,13,137,224,2004-03-24
588,Poor,2,19,32,66,293,1988-11-21
589,Fair,3,47,11,243,276,1959-08-14
590,Good,4,64,9,44,255,1960-08-12
591,Average,4,02,20,43,242,1982-03-05
592,Good,5,43,35,62,20,1990-01-29
593,Average,4,06,9,234,123,1992-03-13
594,Poor,2,02,12,45,109,1955-10-16
595,Fair,3,10,19,25,56,1973-06-17
596,Good,4,66,19,190,105,1992-09-11
597,Fair,3,31,19,28,63,2007-02-07
598,Average,3,74,40,18,163,1975-12-31
599,Average,4,16,31,163,17,1968-08-22
600,Good,4,89,9,156,259,1992-02-18
601,Average,4,40,17,328,11,1957-01-22
602,Excellent,5,59,11,138,79,1996-05-06
603,Average,3,71,33,164,101,1994-12-16
604,Good,5,30,24,142,306,1991-04-27
605,Poor,2,21,28,159,112,2001-08-13
606,Average,4,07,43,302,274,1979-04-14
607,Fair,3,33,32,57,283,1973-05-24
608,Good,5,27,46,201,24,1974-05-17
609,Good,4,53,44,155,99,1974-02-17
610,Fair,3,18,13,22,159,2000-10-08
611,Good,5,35,10,233,332,1968-04-03
612,Poor,2,33,17,84,96,1962-08-29
613,Poor,2,22,43,208,228,1957-09-01
614,Average,4,49,25,309,49,1988-12-06
615,Fair,3,16,34,314,130,1981-02-07
616,Good,4,69,28,159,112,1976-09-08
617,Good,5,35,30,131,2,1967-09-08
618,Poor,2,25,17,130,187,1973-06-18
619,Fair,3,32,10,1,62,2004-07-15
620,Poor,2,46,33,89,222,1984-11-13
621,Average,3,94,12,40,266,1961-01-18
622,Poor,2,23,44,176,204,1957-09-17
623,Poor,2,75,45,51,181,1983-07-18
624,Good,5,30,38,306,309,1960-01-07
625,Poor,2,88,12,45,109,2001-02-07
626,Good,4,58,37,300,218,1989-01-28
627,Average,3,92,34,48,142,1955-05-05
628,Fair,3,15,38,85,122,1960-10-08
629,Fair,3,20,45,207,243,2000-12-03
630,Average,3,51,39,263,298,1983-10-15
631,Poor,2,16,32,87,1,1984-01-30
632,Average,3,77,28,68,43,1994-08-31
633,Good,5,25,29,149,154,1975-09-02
634,Poor,2,78,44,176,204,1972-09-08
635,Poor,2,50,30,148,88,1989-11-14
636,Fair,3,24,41,13,95,1989-04-28
637,Average,4,08,14,122,126,1972-03-06
638,Average,4,02,41,235,251,1978-08-18
639,Poor,2,64,30,158,165,1999-04-13
640,Excellent,5,81,25,88,178,1987-04-29
641,Good,4,58,16,269,206,2005-09-04
642,Average,3,95,22,24,3,1982-11-09
643,Average,3,66,21,3,58,1967-10-06
644,Poor,2,29,11,138,79,1966-11-05
645,Good,5,30,24,171,80,2000-05-11
646,Average,3,68,17,133,215,1972-07-08
647,Good,5,21,8,100,31,1985-05-30
648,Excellent,5,57,32,69,320,1956-04-08
649,Good,4,86,36,274,152,1982-09-08
650,Average,4,42,23,265,91,2004-10-09
651,Good,5,32,7,108,169,1978-01-05
652,Fair,3,05,40,189,6,1986-08-23
653,Poor,2,42,9,44,255,1979-06-18
654,Average,3,69,27,93,136,1991-10-10
655,Poor,2,94,47,290,114,1984-02-01
656,Average,4,16,15,224,252,2007-05-08
657,Good,4,83,8,304,329,1965-10-20
658,Average,4,41,37,74,14,1987-12-11
659,Average,4,41,37,300,218,1998-03-20
660,Average,3,64,47,278,141,1965-07-17
661,Poor,2,15,37,184,171,1976-12-11
662,Poor,2,18,13,157,231,1965-08-16
663,Average,4,07,28,282,135,1981-06-13
664,Fair,3,01,17,84,96,1998-05-05
665,Fair,3,02,45,320,121,1969-09-10
666,Average,3,57,15,231,254,1981-08-04
667,Fair,3,09,20,76,245,1994-12-28
668,Good,5,44,46,258,9,1992-12-24
669,Average,3,98,13,123,191,2007-01-22
670,Excellent,5,93,19,102,64,1999-10-12
671,Poor,2,61,29,204,158,1957-07-05
672,Fair,3,32,47,72,161,1997-01-21
673,Excellent,5,62,10,233,332,1982-03-08
674,Average,3,51,26,285,78,1970-03-19
675,Average,3,89,34,261,93,1987-03-11
676,Excellent,5,99,13,123,191,1986-03-11
677,Good,4,57,40,170,4,1997-12-13
678,Poor,2,46,34,180,26,1969-09-13
679,Poor,2,00,38,94,209,1967-08-29
680,Good,5,21,43,50,281,1981-08-02
681,Good,5,37,43,105,151,1956-08-31
682,Average,4,35,17,275,237,2007-01-26
683,Average,4,29,17,287,302,1986-01-31
684,Good,4,79,11,145,143,2004-02-25
685,Average,4,19,40,23,208,1958-10-11
686,Good,5,11,41,214,176,2005-06-09
687,Fair,3,34,41,214,176,1968-03-16
688,Average,3,55,10,253,184,1991-11-24
689,Excellent,5,84,23,8,104,1996-08-08
690,Average,4,34,43,284,260,1990-07-10
691,Average,4,42,32,117,89,1976-07-09
692,Excellent,5,67,11,145,143,1992-03-27
693,Excellent,5,62,31,160,304,1988-05-30
694,Good,5,01,29,67,148,1986-09-28
695,Excellent,5,66,37,300,218,1963-05-20
696,Average,4,39,40,128,301,1993-01-20
697,Excellent,5,89,37,175,92,1954-05-29
698,Poor,2,65,12,45,109,1977-06-02
699,Good,5,28,8,304,329,2005-02-25
700,Average,3,73,39,183,288,1971-10-08
701,Poor,2,59,41,103,239,1985-07-11
702,Excellent,5,77,14,173,87,2000-06-06
703,Average,3,58,32,169,207,1957-03-18
704,Good,4,94,28,282,135,1990-11-27
705,Average,3,80,28,166,139,2000-04-06
706,Average,4,00,39,263,298,1988-12-14
707,Fair,3,44,10,253,184,1957-06-17
708,Good,4,92,25,257,327,1962-04-01
709,Excellent,5,81,33,247,113,1957-08-01
710,Poor,2,95,47,168,314,2005-11-22
711,Excellent,5,60,45,320,121,1962-05-26
712,Average,4,37,18,248,32,2004-02-07
713,Average,4,41,36,274,152,1973-04-14
714,Good,5,21,8,107,55,1969-08-18
715,Average,4,27,14,14,310,1961-11-16
716,Average,3,80,11,138,79,1977-11-15
717,Average,3,89,38,19,313,1987-07-17
718,Good,5,29,16,120,290,1985-04-19
719,Good,4,82,33,46,145,1992-07-26
720,Average,3,91,42,199,71,1972-04-02
721,Poor,2,22,10,1,62,1966-05-22
722,Excellent,5,54,47,286,40,1956-02-05
723,Excellent,5,61,31,163,17,2004-05-17
724,Excellent,5,64,12,127,19,1969-07-15
725,Average,3,51,14,173,87,1976-04-05
726,Poor,2,94,7,92,182,1973-04-10
727,Average,3,71,10,233,332,1961-08-24
728,Poor,2,60,29,67,148,2003-06-10
729,Average,3,85,14,307,102,1959-11-01
730,Excellent,5,50,44,104,197,2002-02-19
731,Poor,2,10,30,325,69,1984-10-13
732,Average,3,91,20,333,210,1973-07-14
733,Fair,3,19,16,53,278,1972-07-18
734,Average,4,28,40,153,328,2003-11-21
735,Good,4,62,7,33,129,2004-01-23
736,Excellent,5,60,18,83,294,1964-03-27
737,Poor,2,77,46,177,270,2002-11-11
738,Good,5,36,24,142,306,2003-03-06
739,Poor,2,98,21,227,227,1956-11-20
740,Poor,2,18,37,52,12,1977-10-27
741,Average,3,66,45,320,121,2000-12-23
742,Average,4,43,34,32,106,1958-12-16
743,Average,3,75,43,284,260,1987-04-25
744,Good,4,88,11,49,13,1998-09-17
745,Good,4,75,27,26,132,1981-02-15
746,Poor,2,05,47,72,161,1980-06-01
747,Fair,3,26,36,228,330,1971-12-15
748,Poor,2,40,46,292,15,1971-10-14
749,Poor,2,74,28,166,139,1977-11-12
750,Average,3,85,17,287,302,1993-07-05
751,Poor,2,49,19,181,98,1958-07-07
752,Poor,2,59,17,275,237,1977-02-09
753,Average,3,83,42,333,210,1992-11-06
754,Fair,3,36,14,240,144,1985-11-25
755,Average,3,50,33,134,138,1958-05-20
756,Fair,3,05,26,285,78,1982-06-07
757,Poor,2,16,11,120,290,2004-01-21
758,Average,3,94,45,143,244,1995-09-03
759,Fair,3,43,41,250,47,1967-08-24
760,Poor,2,86,12,127,19,1979-12-29
761,Poor,2,29,45,207,243,1980-04-23
762,Poor,2,83,38,267,257,1962-01-08
763,Fair,3,06,27,202,277,1955-06-02
764,Poor,2,30,45,320,121,1963-06-12
765,Poor,2,85,17,328,11,1974-02-09
766,Average,3,68,39,31,107,1996-11-12
767,Fair,3,17,29,289,296,1984-07-22
768,Poor,2,13,20,139,273,1977-05-24
769,Poor,2,59,19,277,177,1973-07-27
770,Good,4,67,22,186,90,2005-08-22
771,Fair,3,03,39,165,247,1983-01-05
772,Good,4,54,32,279,220,1992-05-12
773,Average,4,31,28,68,43,1981-05-30
774,Good,4,64,38,109,46,1967-10-01
775,Poor,2,25,28,159,112,1979-04-10
776,Average,3,80,14,280,147,1960-06-06
777,Average,3,79,9,264,137,1976-10-12
778,Poor,2,72,28,95,125,1958-08-31
779,Poor,2,89,43,302,274,1996-05-30
780,Fair,3,45,22,200,292,2003-11-05
781,Excellent,5,69,40,153,328,1954-04-28
782,Fair,3,30,16,245,168,1997-11-11
783,Excellent,5,87,14,14,310,1978-07-29
784,Poor,2,00,28,68,43,1974-04-29
785,Good,5,00,30,158,165,1996-08-15
786,Excellent,5,52,42,63,23,1960-09-04
787,Poor,2,08,13,38,35,1988-09-06
788,Excellent,5,84,12,329,60,1994-08-23
789,Poor,2,77,47,115,188,1998-07-05
790,Average,3,56,32,117,89,1974-08-19
791,Good,5,44,29,204,158,1968-03-06
792,Good,4,83,17,133,215,1960-03-10
793,Average,3,93,17,84,96,1988-07-13
794,Poor,2,11,17,95,125,1984-11-23
795,Excellent,5,90,45,79,226,2005-07-06
796,Poor,2,82,43,284,260,1991-12-17
797,Fair,3,36,26,30,65,1956-07-17
798,Fair,3,44,27,26,132,1976-11-13
799,Average,4,03,47,223,51,1977-08-09
800,Fair,3,06,14,280,147,1992-04-04
801,Good,4,88,33,247,113,2003-11-10
802,Fair,3,12,40,128,301,2002-07-23
803,Excellent,5,82,11,222,221,2006-03-19
804,Average,4,08,30,318,57,1980-03-23
805,Poor,2,81,9,294,146,1963-07-01
806,Average,3,96,20,254,25,1974-02-25
807,Average,4,28,44,251,214,2003-09-12
808,Good,5,20,30,135,21,1978-02-07
809,Fair,3,10,17,287,302,1959-08-18
810,Excellent,5,71,30,325,69,2005-12-13
811,Good,5,26,35,147,199,1958-08-26
812,Good,5,45,21,195,8,1998-05-23
813,Fair,3,05,38,19,313,2007-04-06
814,Excellent,5,98,33,164,101,1971-10-20
815,Fair,3,17,9,156,259,1978-09-02
816,Good,5,00,34,15,160,1990-06-12
817,Poor,2,97,15,256,305,1991-06-12
818,Fair,3,06,8,237,246,1989-02-02
819,Fair,3,31,14,12,212,1974-10-27
820,Fair,3,33,38,19,313,1966-06-07
821,Average,3,60,39,293,100,1961-03-09
822,Fair,3,34,11,49,13,1997-11-29
823,Good,5,37,10,58,70,1986-11-20
824,Good,5,03,14,280,147,2006-12-09
825,Good,5,23,32,87,1,1990-06-18
826,Average,4,21,20,305,28,1975-10-28
827,Poor,2,61,36,9,201,1956-10-30
828,Average,4,19,13,123,191,2004-07-06
829,Good,4,74,12,40,266,1970-03-27
830,Good,5,43,21,3,58,1995-04-25
831,Poor,2,43,7,11,38,1956-11-21
832,Poor,2,35,19,312,219,2007-11-29
833,Good,4,70,35,5,333,1989-01-22
834,Excellent,5,83,47,168,314,1957-02-26
835,Good,4,58,46,232,186,2007-12-26
836,Good,4,57,13,38,35,1959-10-06
837,Fair,3,49,44,27,250,1999-08-25
838,Average,3,79,26,255,74,2006-05-08
839,Good,5,19,41,235,251,1963-10-30
840,Fair,3,04,27,213,312,1975-06-22
841,Fair,3,23,20,139,273,1964-12-23
842,Poor,2,89,35,62,20,1963-07-31
843,Good,4,73,43,187,59,1988-01-07
844,Fair,3,06,28,68,43,2000-07-22
845,Average,4,31,20,254,25,1968-12-24
846,Excellent,6,00,18,83,294,1977-10-15
847,Average,3,77,46,241,211,1960-12-05
848,Average,3,95,40,153,328,1969-09-24
849,Good,4,94,39,263,298,1959-03-24
850,Poor,2,90,16,113,286,1968-01-25
851,Excellent,5,86,16,53,278,1953-07-08
852,Poor,2,30,47,286,40,1975-06-14
853,Poor,2,12,39,263,298,1955-01-19
854,Poor,2,69,16,53,278,1964-03-04
855,Good,5,47,29,288,167,1984-01-27
856,Average,3,54,13,123,191,1958-12-12
857,Average,3,76,10,233,332,1968-09-03
858,Poor,2,78,7,185,279,2007-04-11
859,Good,4,85,26,255,74,1997-10-06
860,Good,4,60,23,209,311,1995-09-04
861,Fair,3,35,47,223,51,1970-04-28
862,Poor,2,08,8,124,81,2007-03-08
863,Poor,2,45,23,32,106,1960-11-13
864,Average,3,68,37,52,12,1972-04-25
865,Good,5,28,13,157,231,2002-01-23
866,Good,4,90,13,137,224,1958-09-27
867,Poor,2,74,10,233,332,1962-05-02
868,Fair,3,23,18,303,179,2003-02-09
869,Fair,3,40,39,81,134,1971-10-26
870,Good,4,61,9,156,259,1971-11-28
871,Average,3,50,16,242,83,1998-10-19
872,Good,5,19,42,63,23,1993-02-03
873,Average,3,87,27,213,312,1978-04-07
874,Poor,2,26,19,277,177,2007-05-08
875,Poor,2,10,19,102,64,1954-06-15
876,Poor,2,71,31,310,173,2005-08-09
877,Good,4,61,41,101,225,1962-11-24
878,Average,4,30,15,121,50,1994-04-30
879,Poor,2,72,13,59,166,1990-12-16
880,Good,5,24,8,136,193,1965-09-04
881,Poor,2,44,34,48,142,1967-11-24
882,Good,4,66,20,305,28,1995-02-05
883,Good,5,26,19,312,219,1998-04-16
884,Average,3,84,14,122,126,1955-03-04
885,Excellent,5,58,41,101,225,1994-10-19
886,Poor,2,12,39,99,155,1989-06-09
887,Poor,2,22,22,246,321,2005-11-11
888,Average,4,00,17,133,215,1977-11-21
889,Poor,2,35,11,120,290,1981-01-30
890,Fair,3,03,43,119,194,2002-01-14
891,Poor,2,80,42,236,189,1999-02-02
892,Poor,2,71,35,216,230,2000-05-16
893,Good,4,95,13,38,35,1961-08-02
894,Poor,2,58,25,75,164,1976-02-25
895,Excellent,5,70,15,121,50,1958-02-24
896,Fair,3,14,9,44,255,1965-10-17
897,Poor,2,43,15,181,98,1955-09-17
898,Fair,3,05,23,332,268,1968-09-13
899,Average,3,79,17,328,11,2006-06-30
900,Good,5,41,42,333,210,1963-03-30
901,Good,5,25,37,52,12,1968-06-16
902,Poor,2,54,10,322,5,1965-10-27
903,Poor,2,55,37,52,12,2005-11-30
904,Poor,2,32,45,320,121,1995-04-26
905,Good,5,40,13,137,224,1977-04-08
906,Poor,2,67,30,118,75,1968-06-03
907,Average,4,43,39,293,100,2005-03-09
908,Excellent,5,86,43,119,194,1955-09-13
909,Poor,2,59,38,85,122,1962-09-20
910,Good,4,76,43,50,281,1986-06-20
911,Good,4,94,28,73,76,2004-01-18
912,Good,5,46,28,196,131,1982-05-06
913,Poor,2,05,12,331,85,1969-04-26
914,Excellent,5,61,47,223,51,1985-02-02
915,Average,4,16,24,295,7,1980-10-12
916,Good,4,69,46,219,37,1983-03-23
917,Poor,2,83,7,33,129,1961-11-23
918,Good,4,61,10,17,235,1958-09-13
919,Average,4,10,22,226,248,1985-07-08
920,Good,5,15,19,181,98,1965-08-16
921,Good,4,68,46,232,186,1960-11-16
922,Good,4,75,19,28,63,1992-06-11
923,Poor,2,87,29,289,296,1975-01-10
924,Poor,2,36,19,28,63,1977-10-11
925,Average,3,81,34,324,133,1980-10-26
926,Poor,2,79,29,67,148,2006-06-05
927,Poor,2,23,42,63,23,1984-07-05
928,Fair,3,29,14,12,212,1955-02-11
929,Poor,2,57,13,22,159,2002-03-14
930,Good,4,96,38,19,313,1996-08-28
931,Poor,2,27,40,71,287,2002-11-23
932,Average,3,55,39,31,107,2002-03-13
933,Poor,2,51,34,48,142,1995-11-01
934,Fair,3,32,10,77,175,1980-09-19
935,Excellent,6,00,36,281,156,2005-03-21
936,Excellent,5,91,14,86,66,1955-01-28
937,Average,4,11,11,120,290,1997-03-08
938,Good,4,93,16,120,290,1955-12-22
939,Average,4,45,20,112,269,1985-11-25
940,Good,4,91,40,34,284,1979-05-19
941,Average,3,69,13,59,166,1992-04-02
942,Poor,2,36,45,283,319,2003-03-01
943,Fair,3,41,46,219,37,1968-03-03
944,Average,3,60,39,31,107,2002-08-12
945,Average,4,10,33,116,61,2005-12-27
946,Fair,3,35,27,26,132,1969-09-30
947,Poor,2,65,39,165,247,1984-01-21
948,Good,5,34,40,170,4,1984-06-30
949,Average,4,43,39,293,100,2003-05-16
950,Fair,3,01,21,271,271,1982-12-04
951,Poor,2,31,18,195,8,1956-11-25
952,Average,3,82,41,214,176,2005-01-04
953,Good,4,95,46,219,37,1991-03-09
954,Good,4,64,8,304,329,1993-11-14
955,Poor,2,73,23,39,289,1955-05-15
956,Poor,2,50,23,8,104,1984-01-06
957,Excellent,5,68,29,204,158,1998-10-17
958,Poor,2,19,34,32,106,1981-02-19
959,Good,4,52,16,315,275,1967-07-02
960,Good,4,61,28,282,135,1978-11-04
961,Poor,2,43,17,287,302,1991-11-30
962,Fair,3,14,27,26,132,2003-01-27
963,Good,5,29,43,302,274,1961-07-02
964,Average,3,63,13,182,73,1974-01-22
965,Average,4,48,35,144,108,1991-07-28
966,Fair,3,38,10,1,62,1954-11-08
967,Good,4,95,45,143,244,1994-07-05
968,Good,4,74,34,18,163,1996-08-07
969,Excellent,5,62,35,62,20,1987-11-15
970,Average,4,26,20,139,273,1978-09-15
971,Poor,2,57,19,277,177,1994-01-15
972,Average,3,91,9,10,157,1958-12-04
973,Poor,2,16,40,71,287,1980-10-19
974,Good,5,20,9,44,255,1959-02-20
975,Fair,3,45,15,256,305,1981-05-16
976,Average,4,31,28,282,135,1965-09-17
977,Fair,3,34,18,303,179,1977-04-10
978,Good,5,27,23,8,104,1980-05-31
979,Average,4,26,33,134,138,1979-10-15
980,Poor,2,45,21,65,110,1964-01-28
981,Poor,2,13,34,261,93,1975-05-16
982,Poor,2,90,37,300,218,1953-01-05
983,Good,4,86,38,197,216,1959-09-29
984,Excellent,5,57,11,111,53,1972-04-10
985,Good,4,65,47,278,141,1992-10-04
986,Average,4,46,37,175,92,2005-11-19
987,Good,4,61,19,190,105,1964-01-05
988,Average,3,87,16,315,275,1954-12-19
989,Poor,2,58,9,234,123,1978-05-09
990,Excellent,5,50,9,294,146,1974-03-17
991,Poor,2,23,41,150,172,1964-04-13
992,Average,3,92,40,18,163,1969-01-18
993,Poor,2,40,13,182,73,1996-06-21
994,Excellent,5,84,17,130,187,1960-01-22
995,Average,4,48,26,30,65,1995-06-19
996,Poor,2,55,38,85,122,1997-03-06
997,Fair,3,08,29,204,158,1994-08-31
998,Excellent,5,78,46,152,16,2002-02-10
999,Good,5,12,43,284,260,1964-01-17
1000,Poor,2,72,22,211,195,2004-02-20
1001,Average,4,40,13,137,224,1983-03-28
1002,Average,3,91,7,108,169,1995-06-15
1003,Excellent,5,73,41,61,196,2004-08-16
1004,Poor,2,16,17,84,96,1977-09-01
1005,Poor,2,43,36,228,330,1996-11-19
1006,Average,4,41,37,330,291,2005-12-22
1007,Average,3,65,7,96,240,1977-03-18
1008,Excellent,5,76,18,29,264,1985-01-17
1009,Fair,3,19,30,135,21,1965-07-01
1010,Average,4,42,38,267,257,1997-08-27
1011,Good,5,17,33,247,113,1959-09-28
1012,Poor,2,40,39,150,172,1971-05-20
1013,Average,3,93,18,266,48,1954-05-08
1014,Average,4,06,28,68,43,1956-06-05
1015,Average,4,47,45,79,226,1956-06-21
1016,Excellent,5,53,21,90,253,1991-11-25
1017,Average,4,28,46,241,211,1996-05-01
1018,Excellent,5,72,28,35,318,1997-03-23
1019,Good,4,99,40,210,29,1989-04-19
1020,Poor,2,02,44,91,297,1993-09-08
1021,Good,4,78,28,282,135,1998-11-04
1022,Fair,3,08,40,71,287,1992-07-18
1023,Average,4,15,10,17,235,1971-04-02
1024,Poor,2,11,32,57,283,1966-09-01
1025,Average,4,03,41,297,84,1967-06-04
1026,Good,4,66,17,287,302,1977-12-28
1027,Average,3,50,9,264,137,1970-06-15
1028,Poor,2,32,21,227,227,1973-09-28
1029,Poor,2,72,30,148,88,1971-09-04
1030,Poor,2,90,20,254,25,1992-03-11
1031,Fair,3,22,20,112,269,1979-01-17
1032,Average,3,56,20,76,245,1983-03-01
1033,Poor,2,14,7,33,129,1969-05-15
1034,Average,3,54,10,56,300,1983-08-26
1035,Average,4,06,26,255,74,1988-11-01
1036,Average,4,23,46,219,37,1987-12-01
1037,Fair,3,17,22,186,90,1956-05-22
1038,Good,4,70,10,322,5,1990-01-28
1039,Good,5,14,36,198,241,1983-05-23
1040,Poor,2,24,10,17,235,1994-10-14
1041,Poor,2,80,25,2,111,1981-09-03
1042,Good,4,85,43,284,260,1986-12-18
1043,Poor,2,68,42,199,71,1997-06-19
1044,Average,4,16,39,150,172,1988-09-11
1045,Poor,2,33,37,74,14,1967-06-20
1046,Excellent,5,83,13,38,35,2000-11-25
1047,Excellent,5,99,45,141,190,1967-09-13
1048,Average,4,35,41,61,196,1993-01-16
1049,Fair,3,37,23,332,268,1956-08-03
1050,Good,4,95,24,106,267,1956-07-26
1051,Average,4,27,31,78,72,1953-11-06
1052,Fair,3,36,9,294,146,2005-06-10
1053,Poor,2,78,35,147,199,1965-10-24
1054,Good,5,10,46,232,186,1978-05-10
1055,Average,3,95,37,300,218,1958-04-19
1056,Fair,3,32,8,215,200,1998-09-09
1057,Excellent,5,76,40,34,284,1977-03-16
1058,Excellent,5,61,8,136,193,1990-12-16
1059,Average,4,14,14,12,212,1963-03-31
1060,Average,3,77,35,216,230,1971-11-23
1061,Poor,2,91,26,259,77,1988-07-10
1062,Fair,3,33,38,19,313,1956-06-21
1063,Good,5,04,17,130,187,1966-05-17
1064,Poor,2,28,45,320,121,1981-04-21
1065,Fair,3,20,19,28,63,1971-08-11
1066,Average,3,60,25,309,49,1984-07-30
1067,Poor,2,25,40,71,287,1955-01-05
1068,Poor,2,39,35,212,203,1978-09-12
1069,Poor,2,00,46,201,24,1975-08-04
1070,Poor,2,24,29,289,296,1976-07-21
1071,Average,4,36,15,191,213,1988-07-05
1072,Excellent,5,59,18,4,180,1959-04-05
1073,Poor,2,58,30,118,75,1966-11-01
1074,Good,4,75,10,322,5,2002-07-07
1075,Good,5,23,15,224,252,1965-01-05
1076,Excellent,5,93,26,30,65,1964-11-17
1077,Poor,2,40,12,108,169,2003-01-29
1078,Excellent,6,00,32,69,320,1990-07-21
1079,Excellent,5,79,42,205,153,2007-03-14
1080,Average,4,20,41,250,47,1974-07-10
1081,Good,4,67,23,225,27,1963-04-18
1082,Good,5,15,29,319,118,1985-05-29
1083,Good,4,96,32,97,42,1970-02-26
1084,Average,3,77,25,21,116,1968-02-09
1085,Good,4,64,16,53,278,1991-05-07
1086,Excellent,5,87,8,124,81,1981-08-09
1087,Poor,2,77,33,116,61,1970-05-08
1088,Fair,3,05,17,130,187,1999-01-05
1089,Excellent,5,59,27,276,41,1978-05-10
1090,Poor,2,73,18,168,314,1998-02-23
1091,Average,4,47,37,175,92,1963-09-18
1092,Average,3,56,30,148,88,1973-06-06
1093,Poor,2,55,23,265,91,1979-10-31
1094,Fair,3,36,28,282,135,1964-06-30
1095,Good,5,33,39,31,107,1959-04-07
1096,Good,5,47,47,206,324,1978-03-16
1097,Excellent,5,81,45,220,272,1973-08-04
1098,Poor,2,39,15,166,139,1969-03-01
1099,Poor,2,96,46,152,16,1970-02-01
1100,Good,4,73,30,154,97,1990-11-21
1101,Excellent,5,58,47,54,127,1998-11-22
1102,Excellent,5,60,21,249,249,1996-12-31
1103,Average,4,34,35,194,205,1970-06-15
1104,Fair,3,13,15,166,139,1988-01-13
1105,Poor,2,58,25,88,178,1976-01-22
1106,Good,4,68,20,139,273,2002-08-03
1107,Poor,2,77,26,30,65,1991-08-11
1108,Average,4,04,29,288,167,1971-04-20
1109,Excellent,5,87,33,164,101,1966-05-06
1110,Average,4,02,14,14,310,2001-06-01
1111,Poor,2,92,19,277,177,2003-08-11
1112,Excellent,5,77,28,296,192,1994-08-26
1113,Excellent,5,83,20,139,273,1991-10-05
1114,Excellent,5,95,29,238,265,1996-09-20
1115,Good,5,10,15,181,98,1961-08-08
1116,Average,3,76,34,15,160,1956-02-12
1117,Average,4,37,44,176,204,1994-04-25
1118,Fair,3,26,9,294,146,2006-04-08
1119,Average,3,64,34,314,130,1997-12-16
1120,Fair,3,33,37,52,12,1998-01-02
1121,Poor,2,82,10,233,332,1967-03-25
1122,Good,5,21,21,227,227,1963-12-31
1123,Poor,2,80,16,113,286,1953-05-06
1124,Good,5,27,9,294,146,1985-06-11
1125,Average,3,78,46,177,270,1965-11-04
1126,Poor,2,80,22,37,36,1968-01-30
1127,Good,5,04,26,326,229,1987-06-05
1128,Good,5,22,46,201,24,1955-05-04
1129,Good,5,42,32,69,320,1996-04-01
1130,Excellent,5,76,31,126,82,1994-10-22
1131,Poor,2,11,30,154,97,1999-04-16
1132,Poor,2,00,37,74,14,1986-12-01
1133,Good,5,03,43,98,308,1973-06-20
1134,Fair,3,05,29,288,167,1969-04-24
1135,Good,4,63,32,66,293,1983-08-19
1136,Good,5,08,45,283,319,1974-04-17
1137,Poor,2,81,42,321,18,1967-12-16
1138,Average,3,83,10,56,300,1990-02-14
1139,Fair,3,19,24,239,262,2000-01-19
1140,Excellent,5,97,7,185,279,1996-10-03
1141,Good,5,09,16,242,83,1997-12-30
1142,Good,4,74,31,78,72,2007-01-19
1143,Fair,3,19,34,15,160,1985-09-02
1144,Average,3,56,25,88,178,1984-12-08
1145,Excellent,5,82,22,186,90,2002-07-15
1146,Good,4,70,40,189,6,1977-01-22
1147,Average,3,73,27,213,312,1989-09-02
1148,Poor,2,61,15,311,317,1991-02-09
1149,Average,4,27,44,172,150,1955-11-24
1150,Average,3,57,7,33,129,1956-02-25
1151,Fair,3,10,8,100,31,1991-11-21
1152,Good,4,55,7,96,240,1975-04-28
1153,Good,4,76,27,221,323,1979-03-17
1154,Excellent,5,64,34,179,331,1980-01-30
1155,Average,3,91,11,243,276,1976-08-29
1156,Poor,2,37,34,180,26,1987-11-23
1157,Good,4,80,41,297,84,1996-08-28
1158,Good,5,08,32,117,89,1993-01-03
1159,Good,5,36,26,30,65,1975-03-11
1160,Excellent,5,79,16,245,168,1960-12-23
1161,Excellent,5,64,12,80,117,1968-03-01
1162,Average,3,55,46,232,186,1989-04-09
1163,Good,4,62,44,162,149,1983-01-18
1164,Poor,2,10,38,197,216,1979-07-15
1165,Average,3,91,32,69,320,1955-02-17
1166,Poor,2,92,8,215,200,1969-09-11
1167,Poor,2,74,26,326,229,1974-03-09
1168,Good,4,77,25,2,111,1975-06-13
1169,Fair,3,31,8,215,200,1966-02-03
1170,Poor,2,02,16,315,275,1995-04-24
1171,Poor,2,94,12,45,109,1996-02-28
1172,Poor,2,54,43,302,274,1957-03-12
1173,Poor,2,07,9,44,255,1959-03-22
1174,Average,3,68,46,232,186,1954-03-15
1175,Average,4,24,28,73,76,1953-01-04
1176,Average,4,08,45,207,243,1968-03-05
1177,Average,4,01,38,306,309,1986-04-30
1178,Good,5,24,46,177,270,1976-05-29
1179,Good,5,46,47,54,127,1990-11-28
1180,Good,5,08,35,147,199,1996-10-13
1181,Good,5,07,43,302,274,1986-05-30
1182,Average,4,42,10,56,300,2004-04-25
1183,Poor,2,95,42,333,210,2007-06-11
1184,Average,3,84,45,220,272,1993-02-06
1185,Good,4,66,46,219,37,1955-12-03
1186,Average,3,57,13,157,231,1976-12-19
1187,Fair,3,24,33,134,138,1960-09-17
1188,Good,5,40,37,300,218,2001-05-21
1189,Good,5,15,7,11,38,2000-08-25
1190,Average,4,26,29,272,282,2003-09-26
1191,Poor,2,28,46,258,9,1985-08-19
1192,Average,3,74,12,80,117,1982-12-12
1193,Average,4,48,39,165,247,1967-12-08
1194,Fair,3,40,18,6,261,1992-01-28
1195,Poor,2,32,13,182,73,1981-08-05
1196,Average,3,53,30,118,75,1961-09-22
1197,Poor,2,12,43,105,151,1977-01-02
1198,Fair,3,08,15,121,50,1959-02-19
1199,Excellent,5,66,18,195,8,1982-10-22
1200,Good,4,90,30,318,57,1985-11-04
1201,Average,3,96,28,196,131,1955-11-16
1202,Good,4,97,14,14,310,1967-03-23
1203,Good,5,30,37,184,171,1978-01-07
1204,Average,4,25,26,326,229,1968-08-02
1205,Poor,2,62,13,123,191,1967-12-28
1206,Poor,2,55,10,1,62,1987-09-12
1207,Average,4,47,11,145,143,1969-02-07
1208,Fair,3,08,29,149,154,1978-01-02
1209,Fair,3,39,38,19,313,1980-01-26
1210,Excellent,5,83,44,251,214,1961-06-27
1211,Average,4,36,15,191,213,1954-07-27
1212,Excellent,5,56,35,194,205,1973-04-02
1213,Excellent,5,63,18,303,179,1955-02-07
1214,Poor,2,27,9,156,259,1986-05-28
1215,Poor,2,72,25,75,164,1982-07-26
1216,Fair,3,22,34,15,160,1971-11-06
1217,Poor,2,60,44,251,214,1989-10-30
1218,Poor,2,77,38,288,167,1997-12-11
1219,Fair,3,45,37,330,291,1976-08-13
1220,Poor,2,33,38,94,209,1986-02-28
1221,Excellent,5,68,29,149,154,1961-12-25
1222,Fair,3,34,14,240,144,1980-10-18
1223,Excellent,5,63,34,48,142,1982-10-19
1224,Good,5,06,45,220,272,1970-05-10
1225,Excellent,5,75,30,158,165,1962-09-05
1226,Good,5,21,24,291,295,1966-03-20
1227,Average,4,07,25,313,67,1997-04-05
1228,Good,4,68,12,80,117,1975-02-22
1229,Fair,3,35,46,201,24,1980-08-09
1230,Poor,2,70,22,16,322,1999-04-15
1231,Average,3,96,29,272,282,1999-03-04
1232,Poor,2,93,14,12,212,1980-03-11
1233,Excellent,5,59,9,217,326,2001-08-07
1234,Poor,2,55,28,296,192,1958-01-25
1235,Fair,3,11,40,18,163,1993-11-28
1236,Poor,2,09,18,83,294,1972-03-09
1237,Good,5,12,27,316,54,1979-04-20
1238,Good,4,71,12,127,19,1991-11-09
1239,Fair,3,21,33,247,113,1978-02-10
1240,Average,4,10,18,248,32,1976-03-23
1241,Good,5,11,18,29,264,1960-11-12
1242,Poor,2,16,31,163,17,1990-09-15
1243,Average,4,00,10,56,300,1974-04-27
1244,Good,5,32,30,158,165,1992-03-01
1245,Excellent,5,91,14,122,126,2002-03-03
1246,Poor,2,72,16,269,206,1965-05-20
1247,Average,4,11,41,297,84,1980-11-04
1248,Average,4,20,45,220,272,1989-07-12
1249,Poor,2,67,45,143,244,1962-07-05
1250,Good,5,11,8,215,200,1962-10-01
1251,Poor,2,93,25,88,178,1979-11-24
1252,Good,5,35,12,45,109,1987-01-22
1253,Excellent,5,63,8,174,198,1990-07-09
1254,Good,5,33,40,23,208,2004-08-24
1255,Good,5,22,18,6,261,1976-11-10
1256,Poor,2,61,41,101,225,1983-01-29
1257,Good,5,34,42,203,128,1992-06-04
1258,Poor,2,24,45,220,272,1960-08-31
1259,Good,4,51,33,46,145,1958-11-28
1260,Fair,3,42,13,137,224,1954-10-11
1261,Average,4,49,26,30,65,1998-06-08
1262,Excellent,5,79,14,240,144,2001-12-16
1263,Excellent,5,73,37,300,218,2005-05-26
1264,Poor,2,68,27,202,277,1988-10-13
1265,Average,3,87,27,221,323,1970-04-25
1266,Fair,3,42,29,149,154,1982-05-18
1267,Excellent,5,98,38,19,313,1979-08-27
1268,Good,5,07,7,108,169,2005-01-13
1269,Good,5,16,42,230,170,2000-06-29
1270,Poor,2,62,38,94,209,1963-05-20
1271,Average,4,10,21,249,249,2000-07-19
1272,Average,3,89,37,175,92,2005-12-21
1273,Excellent,5,56,12,331,85,1972-10-31
1274,Good,5,36,20,139,273,1953-05-24
1275,Fair,3,22,47,206,324,1978-04-19
1276,Excellent,5,51,31,160,304,1979-04-11
1277,Good,5,35,8,174,198,1959-06-25
1278,Poor,2,31,31,229,86,1998-08-20
1279,Good,5,15,25,257,327,1976-03-09
1280,Good,5,02,36,9,201,2005-04-18
1281,Fair,3,09,28,296,192,1993-05-15
1282,Excellent,5,87,9,264,137,1960-09-25
1283,Average,4,00,46,321,18,1965-08-21
1284,Average,4,25,14,307,102,1970-11-09
1285,Excellent,5,78,18,4,180,1972-05-22
1286,Good,4,61,11,151,202,1965-02-10
1287,Fair,3,31,36,274,152,1997-09-02
1288,Poor,2,26,42,230,170,2004-12-13
1289,Fair,3,34,37,52,12,1989-03-16
1290,Poor,2,50,35,144,108,1963-11-01
1291,Poor,2,76,42,199,71,1987-10-05
1292,Good,4,88,23,39,289,1971-08-21
1293,Poor,2,20,42,203,128,1985-12-13
1294,Excellent,5,80,11,270,316,1976-05-03
1295,Excellent,5,61,23,308,256,1985-10-15
1296,Good,5,32,43,302,274,1966-11-27
1297,Poor,2,44,23,39,289,1993-04-22
1298,Fair,3,32,37,74,14,1993-07-14
1299,Fair,3,44,20,139,273,1974-11-07
1300,Average,4,49,39,293,100,1972-10-17
1301,Poor,2,75,19,28,63,1993-09-24
1302,Good,5,05,16,273,223,1983-10-23
1303,Good,5,04,39,31,107,1997-01-12
1304,Poor,2,05,43,187,59,2007-02-16
1305,Fair,3,00,34,18,163,1970-03-14
1306,Good,5,04,37,330,291,1981-12-03
1307,Excellent,5,79,13,182,73,1967-03-24
1308,Poor,2,27,42,230,170,1990-02-15
1309,Average,4,10,45,207,243,1979-05-08
1310,Excellent,5,71,14,82,22,2005-08-02
1311,Fair,3,27,32,66,293,1976-08-06
1312,Good,5,03,40,34,284,2001-10-16
1313,Fair,3,09,14,307,102,1992-06-23
1314,Excellent,5,50,22,16,322,1961-08-12
1315,Poor,2,32,29,319,118,1969-05-29
1316,Good,4,62,35,140,236,1990-09-14
1317,Average,3,79,34,179,331,1989-04-28
1318,Fair,3,47,21,249,249,1987-07-18
1319,Poor,2,91,19,323,258,1969-05-24
1320,Good,5,26,34,15,160,1958-03-15
1321,Poor,2,10,27,276,41,1992-09-14
1322,Excellent,5,71,35,216,230,1982-09-13
1323,Average,3,73,15,224,252,1968-10-30
1324,Good,4,66,11,243,276,1989-08-29
1325,Excellent,5,87,37,300,218,1983-08-15
1326,Good,5,23,32,87,1,1981-11-30
1327,Average,3,69,18,6,261,1973-01-09
1328,Excellent,5,77,20,254,25,2004-06-30
1329,Excellent,5,75,42,199,71,1975-08-10
1330,Average,3,90,14,82,22,1964-05-24
1331,Good,5,07,37,184,171,1993-12-20
1332,Average,4,02,36,281,156,1973-12-11
1333,Good,4,87,18,29,264,1976-10-13
1334,Poor,2,66,44,27,250,1956-05-24
1335,Average,4,26,28,35,318,1964-07-26
1336,Average,4,05,11,49,13,1962-07-24
1337,Poor,2,83,38,85,122,1971-09-13
1338,Average,3,95,23,8,104,1966-07-06
1339,Fair,3,24,46,177,270,1953-08-29
1340,Poor,2,73,9,192,285,1998-06-19
1341,Good,4,83,11,120,290,2005-11-20
1342,Fair,3,04,16,273,223,1960-07-19
1343,Average,4,16,15,311,317,1978-08-09
1344,Average,3,63,21,65,110,1991-08-14
1345,Good,5,23,14,12,212,1995-03-28
1346,Average,3,74,31,78,72,1993-12-20
1347,Average,3,78,10,1,62,1987-02-27
1348,Poor,2,71,21,110,162,1977-05-03
1349,Good,5,48,31,126,82,1959-12-06
1350,Poor,2,99,25,2,111,2003-01-31
1351,Average,3,53,37,70,33,1985-07-31
1352,Good,4,97,33,89,222,1958-10-06
1353,Poor,2,40,34,180,26,1977-02-20
1354,Average,4,18,43,50,281,1969-08-25
1355,Average,4,38,14,173,87,1988-02-02
1356,Fair,3,05,24,142,306,1964-01-12
1357,Fair,3,32,26,255,74,1967-12-24
1358,Poor,2,38,36,198,241,1960-05-16
1359,Poor,2,18,23,209,311,1976-07-04
1360,Average,3,78,28,95,125,1996-04-14
1361,Fair,3,35,42,236,189,1961-11-25
1362,Poor,2,02,9,10,157,1970-09-24
1363,Poor,2,53,13,182,73,1967-07-10
1364,Poor,2,19,30,325,69,1967-12-16
1365,Poor,2,64,33,178,103,1964-08-14
1366,Good,5,25,28,282,135,1955-08-27
1367,Poor,2,15,45,320,121,1978-01-03
1368,Poor,2,43,9,294,146,1989-01-31
1369,Fair,3,23,35,5,333,2005-01-17
1370,Average,4,28,12,7,94,1959-11-06
1371,Average,3,79,10,217,326,1972-01-03
1372,Excellent,5,84,13,182,73,1975-10-25
1373,Poor,2,23,42,199,71,1986-11-20
1374,Poor,2,18,29,149,154,1978-12-05
1375,Poor,2,43,8,107,55,1960-04-25
1376,Good,5,07,40,210,29,1985-02-27
1377,Average,3,55,23,8,104,1957-02-04
1378,Poor,2,09,46,152,16,1985-03-19
1379,Good,5,43,7,108,169,2002-06-04
1380,Average,4,12,24,20,45,1997-08-26
1381,Fair,3,45,15,256,305,2002-10-04
1382,Poor,2,97,23,39,289,2003-09-08
1383,Poor,2,28,16,315,275,1997-07-26
1384,Good,4,75,41,101,225,1980-07-09
1385,Poor,2,37,33,298,120,1986-10-24
1386,Poor,2,09,45,320,121,1988-03-16
1387,Average,3,62,9,173,87,2004-10-21
1388,Poor,2,68,14,122,126,1960-02-20
1389,Average,4,29,42,230,170,1976-04-21
1390,Fair,3,21,15,224,252,1953-07-15
1391,Poor,2,72,19,312,219,2002-08-01
1392,Poor,2,45,27,26,132,1964-04-29
1393,Average,3,76,13,22,159,1998-01-01
1394,Good,5,47,33,89,222,1965-05-16
1395,Good,5,38,34,15,160,1989-07-26
1396,Good,4,80,22,37,36,1988-02-27
1397,Poor,2,50,16,242,83,2001-01-09
1398,Average,3,97,12,329,60,1963-08-25
1399,Poor,2,99,25,21,116,1980-01-01
1400,Excellent,5,99,28,282,135,1992-08-01
1401,Average,3,59,45,51,181,1968-12-17
1402,Fair,3,34,23,260,238,2006-01-26
1403,Good,5,48,9,294,146,1980-04-16
1404,Fair,3,20,41,13,95,1953-01-31
1405,Good,5,20,33,247,113,1984-01-30
1406,Average,3,70,35,5,333,1962-10-08
1407,Good,4,74,39,55,124,1979-11-16
1408,Poor,2,22,15,268,307,2006-03-19
1409,Average,3,75,42,205,153,1962-05-02
1410,Good,5,31,43,119,194,1955-12-07
1411,Excellent,5,50,8,215,200,1959-12-08
1412,Fair,3,23,46,152,16,1990-10-07
1413,Poor,2,95,8,107,55,1965-12-13
1414,Average,4,07,34,48,142,1986-11-09
1415,Poor,2,33,44,251,214,2001-07-12
1416,Poor,2,37,46,219,37,1966-03-19
1417,Excellent,5,74,43,119,194,1981-02-28
1418,Average,3,78,28,35,318,1995-01-01
1419,Excellent,5,83,14,86,66,1989-02-22
1420,Poor,2,54,44,104,197,1984-05-30
1421,Average,3,63,41,235,251,1958-11-06
1422,Good,5,47,25,313,67,1970-11-15
1423,Average,4,15,34,314,130,1965-10-13
1424,Poor,2,02,34,314,130,2004-07-05
1425,Average,3,55,35,144,108,1965-04-06
1426,Fair,3,34,35,147,199,1960-09-05
1427,Average,4,07,24,291,295,1985-10-24
1428,Poor,2,77,15,256,305,1974-07-07
1429,Poor,2,80,25,75,164,1997-05-12
1430,Average,3,64,37,184,171,1980-02-27
1431,Good,4,56,24,291,295,1992-02-18
1432,Excellent,5,58,46,232,186,2001-06-13
1433,Good,5,11,39,31,107,1958-03-19
1434,Good,5,45,31,160,304,1962-11-03
1435,Poor,2,53,38,94,209,1981-09-10
1436,Poor,2,10,28,296,192,2004-09-07
1437,Average,3,50,9,234,123,1976-05-25
1438,Good,5,09,37,74,14,1997-06-25
1439,Excellent,5,55,22,24,3,2004-06-10
1440,Good,4,67,32,66,293,1977-01-16
1441,Fair,3,36,42,236,189,1961-05-01
1442,Fair,3,39,17,287,302,2006-08-04
1443,Good,4,94,23,39,289,2005-10-20
1444,Good,4,98,23,265,91,1973-05-16
1445,Average,3,71,35,5,333,2001-08-07
1446,Excellent,5,50,18,303,179,1964-10-26
1447,Excellent,5,50,28,166,139,2006-05-18
1448,Excellent,5,70,44,172,150,1964-02-23
1449,Good,5,13,27,221,323,1971-11-05
1450,Good,5,01,7,33,129,1976-05-09
1451,Good,5,06,45,51,181,1959-12-31
1452,Good,4,73,26,326,229,1959-01-10
1453,Average,4,15,16,315,275,1982-07-03
1454,Poor,2,44,39,81,134,2003-08-04
1455,Average,4,35,14,173,87,1986-09-27
1456,Average,4,12,14,240,144,2006-02-01
1457,Good,5,20,44,172,150,1993-04-15
1458,Good,5,45,42,230,170,1983-10-12
1459,Excellent,5,65,46,232,186,1995-10-27
1460,Average,3,86,26,255,74,1976-05-26
1461,Excellent,5,63,35,5,333,1984-12-15
1462,Average,3,96,42,321,18,1958-05-12
1463,Good,5,43,36,193,233,1961-11-07
1464,Poor,2,10,16,245,168,1990-03-05
1465,Poor,2,74,46,177,270,1971-10-20
1466,Excellent,5,93,14,86,66,1966-06-27
1467,Average,4,12,25,21,116,1985-07-21
1468,Average,3,51,10,56,300,1956-02-10
1469,Average,3,53,28,296,192,1958-03-02
1470,Poor,2,22,39,183,288,2004-11-03
1471,Good,4,87,47,278,141,1997-10-25
1472,Poor,2,65,23,32,106,1991-09-05
1473,Average,4,23,30,135,21,1998-07-23
1474,Fair,3,15,25,257,327,1965-02-06
1475,Good,5,18,9,234,123,1976-01-30
1476,Poor,2,23,14,86,66,1960-04-03
1477,Poor,2,52,7,125,280,1973-01-25
1478,Good,5,17,13,157,231,2000-05-30
1479,Average,4,32,39,81,134,1955-11-30
1480,Average,4,06,46,241,211,1953-06-12
1481,Average,3,84,34,179,331,1962-04-21
1482,Average,4,38,23,225,27,1974-09-01
1483,Average,3,64,40,23,208,1955-09-03
1484,Average,3,79,34,179,331,1974-01-04
1485,Good,4,58,33,46,145,1973-02-28
1486,Excellent,5,84,33,164,101,1986-02-09
1487,Fair,3,43,19,28,63,1971-12-12
1488,Good,4,66,24,239,262,1962-08-16
1489,Fair,3,09,21,90,253,1984-02-07
1490,Average,4,42,19,312,219,1983-08-09
1491,Poor,2,91,19,190,105,1964-05-25
1492,Average,4,05,34,179,331,2000-08-13
1493,Good,5,45,8,215,200,1954-08-31
1494,Average,3,69,29,272,282,1981-01-15
1495,Good,5,05,20,305,28,2000-02-02
1496,Good,5,40,13,137,224,1955-12-21
1497,Average,3,97,7,33,129,1997-09-28
1498,Good,4,83,8,136,193,1968-08-17
1499,Average,4,23,12,7,94,1954-07-29
1500,Average,3,79,26,97,42,1988-02-11
1501,Fair,3,37,45,141,190,1987-04-07
1502,Average,3,99,25,165,247,2003-04-09
1503,Average,4,17,25,165,247,1958-12-25
1504,Good,4,91,14,240,144,1975-01-01
1505,Poor,2,13,41,214,176,1986-07-15
1506,Average,4,41,11,243,276,1976-04-26
1507,Poor,2,49,45,320,121,1968-06-19
1508,Poor,2,99,46,232,186,1970-05-28
1509,Fair,3,26,27,316,54,1980-07-05
1510,Average,4,11,13,38,35,1979-06-26
1511,Average,3,60,26,259,77,1986-01-07
1512,Poor,2,02,8,237,246,2000-11-16
1513,Fair,3,13,41,214,176,1980-11-13
1514,Average,3,59,24,291,295,1995-05-17
1515,Poor,2,02,29,288,167,1967-02-06
1516,Fair,3,25,19,244,119,1963-04-16
1517,Poor,2,32,37,74,14,1955-09-10
1518,Average,3,63,9,44,255,1995-11-04
1519,Average,3,53,8,237,246,1970-01-06
1520,Poor,2,91,28,73,76,1993-09-09
1521,Average,4,49,45,143,244,2002-07-17
1522,Good,5,46,25,88,178,1975-12-07
1523,Poor,2,41,25,257,327,1980-01-03
1524,Good,5,11,8,107,55,1982-07-24
1525,Good,5,32,46,177,270,1993-06-11
1526,Poor,2,82,21,65,110,2005-03-14
1527,Fair,3,21,16,315,275,1990-01-06
1528,Poor,2,54,18,168,314,1970-07-08
1529,Average,4,11,27,213,312,1973-01-04
1530,Excellent,5,78,14,280,147,1973-02-09
1531,Average,4,27,21,249,249,1970-07-07
1532,Average,3,69,39,81,134,1957-06-11
1533,Poor,2,94,43,208,228,1998-11-02
1534,Poor,2,53,18,6,261,1975-10-19
1535,Poor,2,68,17,84,96,1974-03-08
1536,Excellent,5,85,37,175,92,1967-01-12
1537,Poor,2,20,35,140,236,1968-09-07
1538,Good,4,73,36,198,241,1988-09-02
1539,Average,3,66,35,147,199,1995-06-22
1540,Poor,2,17,23,332,268,2004-11-04
1541,Good,5,35,44,91,297,1970-08-24
1542,Poor,2,43,18,303,179,1954-07-18
1543,Fair,3,39,38,306,309,1990-02-10
1544,Good,4,98,21,36,140,1957-08-14
1545,Poor,2,82,20,43,242,2005-08-02
1546,Poor,2,88,37,330,291,1971-07-10
1547,Poor,2,92,35,147,199,1972-10-01
1548,Average,3,86,8,237,246,1967-04-16
1549,Average,3,66,24,142,306,1966-12-11
1550,Average,3,80,45,51,181,1989-10-19
1551,Good,5,08,7,96,240,1953-04-13
1552,Poor,2,34,16,113,286,1954-11-25
1553,Fair,3,30,24,218,185,2006-08-12
1554,Fair,3,32,37,52,12,1968-11-18
1555,Good,5,30,7,108,169,1993-07-28
1556,Average,3,92,20,305,28,1964-05-01
1557,Average,3,58,13,137,224,1976-04-06
1558,Good,5,06,29,238,265,1984-06-03
1559,Excellent,5,59,40,23,208,1989-07-22
1560,Good,5,32,18,195,8,1989-05-02
1561,Fair,3,20,13,260,238,1994-04-20
1562,Excellent,5,95,15,256,305,2005-12-12
1563,Good,4,89,17,275,237,2005-05-23
1564,Fair,3,49,39,263,298,1960-05-27
1565,Excellent,5,85,11,243,276,1961-12-21
1566,Excellent,5,91,16,315,275,1981-07-30
1567,Good,5,09,10,322,5,1955-01-15
1568,Poor,2,59,26,259,77,1958-01-26
1569,Poor,2,90,41,103,239,1974-03-11
1570,Poor,2,17,46,258,9,1953-01-25
1571,Fair,3,04,44,251,214,2002-08-09
1572,Average,3,59,38,197,216,1975-01-08
1573,Excellent,5,97,27,276,41,1953-05-15
1574,Fair,3,35,47,223,51,1973-03-04
1575,Average,3,56,19,181,98,1976-01-18
1576,Average,4,05,19,323,258,2000-12-30
1577,Average,4,06,47,290,114,1993-10-27
1578,Fair,3,43,32,299,263,1975-05-22
1579,Average,4,29,20,254,25,1984-12-22
1580,Average,4,44,34,180,26,1974-12-04
1581,Excellent,5,90,9,192,285,1985-06-14
1582,Good,5,35,45,207,243,1975-09-23
1583,Good,4,89,47,72,161,1956-07-29
1584,Poor,2,30,13,123,191,1991-03-19
1585,Poor,2,70,26,285,78,1972-10-30
1586,Average,3,93,41,13,95,1968-08-13
1587,Poor,2,38,41,214,176,1958-10-31
1588,Excellent,5,63,23,39,289,1982-12-16
1589,Fair,3,23,28,68,43,1990-03-23
1590,Good,4,77,41,103,239,1962-11-08
1591,Average,4,27,35,212,203,1998-10-07
1592,Fair,3,15,36,161,217,1992-04-05
1593,Good,5,15,14,82,22,2007-02-11
1594,Average,4,35,42,63,23,1959-02-20
1595,Good,4,98,13,182,73,1963-07-18
1596,Good,5,40,25,309,49,1972-09-11
1597,Average,3,54,30,135,21,1957-02-25
1598,Excellent,5,91,40,18,163,1982-09-17
1599,Good,5,14,41,214,176,2003-08-25
1600,Poor,2,91,37,300,218,1977-01-03
1601,Average,3,80,32,299,263,1969-06-25
1602,Poor,2,32,20,254,25,1967-09-06
1603,Poor,2,95,45,51,181,2001-02-04
1604,Fair,3,49,10,1,62,1966-11-16
1605,Poor,2,76,27,130,187,1995-03-13
1606,Fair,3,48,21,36,140,1986-04-06
1607,Poor,2,37,47,286,40,1954-07-13
1608,Excellent,5,96,40,128,301,1986-06-10
1609,Excellent,5,76,34,15,160,2000-11-01
1610,Fair,3,24,35,194,205,2000-07-29
1611,Excellent,5,86,36,281,156,1978-07-06
1612,Poor,2,14,27,276,41,1953-11-17
1613,Poor,2,76,15,224,252,2007-06-13
1614,Fair,3,15,13,137,224,1967-08-19
1615,Good,5,42,37,175,92,1956-11-19
1616,Average,3,85,26,30,65,1971-07-30
1617,Fair,3,06,37,42,325,2002-05-17
1618,Good,4,59,27,317,115,1967-03-08
1619,Poor,2,78,21,3,58,1995-07-29
1620,Average,3,92,43,187,59,2001-05-09
1621,Excellent,5,52,31,41,174,1975-10-01
1622,Good,5,46,14,86,66,1980-01-31
1623,Good,5,37,36,193,233,1975-11-05
1624,Average,4,13,24,291,295,1964-05-04
1625,Average,3,90,16,269,206,1962-04-21
1626,Excellent,5,89,31,163,17,1963-05-07
1627,Average,4,45,15,224,252,1975-11-27
1628,Average,3,62,29,289,296,2002-03-26
1629,Average,4,37,18,168,314,1962-08-19
1630,Average,4,17,22,211,195,1956-05-08
1631,Poor,2,50,7,33,129,1996-11-04
1632,Average,4,15,26,285,78,1964-02-11
1633,Average,4,30,40,34,284,1979-09-27
1634,Fair,3,38,11,151,202,1960-12-19
1635,Poor,2,64,17,95,125,1958-06-12
1636,Excellent,5,58,34,32,106,1970-10-09
1637,Average,4,40,24,20,45,1982-08-19
1638,Fair,3,39,31,310,173,1997-09-12
1639,Excellent,5,55,38,85,122,2004-01-06
1640,Good,5,22,44,91,297,1994-07-26
1641,Average,3,55,26,97,42,1967-02-01
1642,Poor,2,43,7,33,129,1980-05-22
1643,Excellent,5,87,44,251,214,1990-02-13
1644,Excellent,5,99,8,136,193,1997-08-25
1645,Good,4,92,45,51,181,1992-05-05
1646,Average,4,13,16,113,286,1997-11-21
1647,Poor,2,38,19,244,119,1992-10-23
1648,Average,3,99,20,307,102,1992-06-25
1649,Good,4,93,40,189,6,1955-04-04
1650,Fair,3,13,33,178,103,1999-12-19
1651,Average,4,33,35,216,230,1978-04-28
1652,Good,4,96,42,199,71,1997-12-21
1653,Good,5,13,27,276,41,1995-02-20
1654,Fair,3,22,37,62,20,1955-04-19
1655,Fair,3,39,44,91,297,1954-04-06
1656,Average,4,34,19,323,258,1997-05-25
1657,Poor,2,96,18,168,314,1999-11-01
1658,Good,4,82,45,51,181,1989-10-03
1659,Excellent,5,59,42,321,18,1957-07-29
1660,Poor,2,87,26,97,42,1984-11-06
1661,Good,5,04,22,24,3,1963-05-11
1662,Good,4,75,33,164,101,1960-04-19
1663,Average,3,58,45,320,121,1976-10-23
1664,Average,3,58,20,333,210,1997-06-26
1665,Poor,2,74,30,158,165,1956-09-24
1666,Average,3,70,39,99,155,1967-05-26
1667,Average,3,85,11,145,143,1982-02-20
1668,Good,5,39,11,111,53,1999-06-26
1669,Poor,2,51,29,204,158,1962-03-10
1670,Excellent,5,85,19,244,119,1994-02-10
1671,Good,5,46,21,249,249,1996-12-11
1672,Excellent,5,67,24,295,7,1957-09-04
1673,Good,5,04,43,119,194,1971-03-02
1674,Average,3,56,18,29,264,1954-01-03
1675,Poor,2,36,36,228,330,1987-04-09
1676,Good,5,09,41,150,172,2003-05-11
1677,Excellent,5,60,10,1,62,1997-12-18
1678,Good,5,38,7,92,182,1986-03-12
1679,Good,5,22,32,279,220,1979-12-31
1680,Excellent,5,78,24,20,45,1972-05-30
1681,Excellent,5,50,40,170,4,1978-07-14
1682,Poor,2,45,38,306,309,1991-06-04
1683,Good,4,69,30,325,69,1999-12-23
1684,Fair,3,24,41,13,95,1970-08-31
1685,Excellent,5,85,15,191,213,1986-01-11
1686,Average,3,54,27,202,277,2006-11-15
1687,Good,5,03,7,108,169,1976-12-22
1688,Fair,3,07,41,235,251,1977-06-11
1689,Excellent,5,99,33,247,113,1959-09-15
1690,Average,4,30,8,237,246,1969-01-17
1691,Good,4,61,33,116,61,1978-12-09
1692,Excellent,5,58,38,109,46,2000-11-15
1693,Average,3,81,8,215,200,1993-02-15
1694,Good,4,67,44,27,250,1972-03-02
1695,Poor,2,18,31,310,173,1984-03-18
1696,Good,4,80,30,158,165,1959-10-16
1697,Good,4,86,20,333,210,1956-07-31
1698,Average,4,29,14,12,212,2000-08-19
1699,Good,5,25,28,282,135,1993-12-02
1700,Fair,3,21,42,230,170,1977-12-11
1701,Poor,2,27,24,218,185,1968-10-02
1702,Fair,3,00,33,178,103,2001-04-30
1703,Fair,3,47,39,263,298,1983-04-19
1704,Good,5,09,38,85,122,1969-02-21
1705,Average,3,68,15,121,50,1956-01-09
1706,Good,4,66,37,175,92,1973-08-25
1707,Excellent,5,93,23,209,311,1979-10-23
1708,Average,3,56,19,323,258,1994-02-17
1709,Poor,2,85,29,288,167,1976-01-10
1710,Average,4,31,17,47,44,1958-11-26
1711,Good,4,75,29,272,282,2007-06-08
1712,Average,3,58,28,282,135,1966-08-22
1713,Excellent,5,61,31,126,82,1962-10-05
1714,Excellent,5,81,42,205,153,1993-02-28
1715,Fair,3,38,41,250,47,1959-04-27
1716,Good,4,58,32,117,89,1979-12-07
1717,Poor,2,06,20,305,28,1968-04-27
1718,Poor,2,33,46,292,15,1959-02-23
1719,Average,3,74,45,143,244,1964-06-16
1720,Good,5,20,20,305,28,1957-11-09
1721,Good,4,67,40,189,6,1998-06-04
1722,Poor,2,77,43,187,59,1957-09-11
1723,Good,5,41,24,20,45,1992-10-11
1724,Average,4,21,26,259,77,2001-02-20
1725,Fair,3,23,33,116,61,1968-03-05
1726,Excellent,5,88,34,261,93,2004-01-26
1727,Average,3,86,23,8,104,1972-07-19
1728,Poor,2,37,42,64,34,2006-12-31
1729,Fair,3,38,9,294,146,1977-10-17
1730,Average,3,56,18,266,48,1980-06-25
1731,Poor,2,23,28,159,112,1999-10-12
1732,Fair,3,30,23,8,104,2005-04-30
1733,Poor,2,13,43,302,274,2000-04-10
1734,Average,4,00,37,330,291,1955-01-21
1735,Excellent,5,50,24,239,262,1956-08-29
1736,Good,4,50,8,215,200,1985-03-15
1737,Good,4,98,40,23,208,1961-02-16
1738,Excellent,5,61,21,3,58,1983-11-01
1739,Excellent,5,57,42,230,170,1967-08-23
1740,Fair,3,18,47,115,188,1965-05-20
1741,Average,3,62,33,298,120,1980-01-25
1742,Fair,3,46,35,212,203,1990-11-04
1743,Poor,2,21,44,162,149,1954-06-03
1744,Average,3,67,47,54,127,1953-10-21
1745,Excellent,5,56,45,220,272,1969-08-11
1746,Fair,3,03,18,83,294,1965-04-19
1747,Excellent,5,98,46,241,211,1991-02-11
1748,Average,4,00,20,254,25,2007-12-18
1749,Fair,3,29,17,287,302,1965-11-06
1750,Average,3,61,36,9,201,1957-04-12
1751,Good,4,74,45,143,244,1999-06-20
1752,Good,4,52,23,308,256,2005-06-07
1753,Poor,2,54,19,323,258,1989-03-06
1754,Poor,2,05,29,289,296,1989-01-24
1755,Good,4,55,37,74,14,1987-07-09
1756,Excellent,5,51,22,37,36,1964-01-22
1757,Average,3,60,33,46,145,1961-07-20
1758,Good,5,27,21,90,253,1990-02-26
1759,Average,3,85,7,92,182,1953-12-20
1760,Average,3,80,17,287,302,1959-12-15
1761,Poor,2,80,19,244,119,1954-02-06
1762,Excellent,5,56,22,246,321,1980-10-22
1763,Poor,2,18,38,306,309,1969-05-04
1764,Good,5,30,18,29,264,2003-07-18
1765,Average,4,08,44,91,297,1967-02-14
1766,Fair,3,44,39,293,100,1955-02-09
1767,Fair,3,45,26,327,30,1974-05-14
1768,Average,3,60,13,123,191,1960-09-15
1769,Poor,2,31,42,236,189,1989-07-03
1770,Good,4,89,38,109,46,1982-02-11
1771,Excellent,5,60,39,150,172,1971-10-22
1772,Poor,2,45,12,114,303,1992-06-26
1773,Poor,2,76,24,142,306,1999-07-04
1774,Poor,2,55,28,159,112,2007-01-28
1775,Average,3,57,35,212,203,1985-10-15
1776,Fair,3,20,29,319,118,1960-08-01
1777,Poor,2,55,46,258,9,1956-04-11
1778,Average,3,73,34,324,133,1991-12-23
1779,Good,4,65,30,135,21,1984-07-12
1780,Poor,2,20,28,282,135,1955-11-17
1781,Excellent,5,91,12,45,109,1965-12-15
1782,Excellent,5,86,36,274,152,1972-08-02
1783,Good,5,08,27,93,136,1994-02-24
1784,Excellent,5,77,8,107,55,1973-07-08
1785,Good,4,82,25,309,49,1989-01-05
1786,Average,3,71,17,47,44,2002-05-07
1787,Poor,2,76,41,250,47,1969-02-25
1788,Poor,2,07,7,108,169,1964-03-18
1789,Good,5,46,24,218,185,1975-07-15
1790,Excellent,6,00,43,208,228,2000-08-08
1791,Poor,2,89,29,67,148,1976-08-26
1792,Excellent,5,72,27,221,323,1978-12-21
1793,Average,3,75,17,130,187,1982-11-13
1794,Average,3,77,17,275,237,1960-09-09
1795,Poor,2,38,12,7,94,1964-04-14
1796,Average,4,07,36,281,156,2007-04-04
1797,Fair,3,28,10,217,326,1974-07-04
1798,Poor,2,92,34,261,93,1958-11-16
1799,Excellent,5,60,8,107,55,1994-09-06
1800,Average,4,12,42,230,170,1967-07-04
1801,Excellent,5,58,34,32,106,1998-12-07
1802,Average,4,37,46,177,270,1983-05-30
1803,Average,3,69,13,137,224,1971-06-18
1804,Average,4,41,46,219,37,1991-09-25
1805,Average,4,01,26,285,78,1993-06-21
1806,Average,4,29,36,193,233,1959-12-25
1807,Average,3,75,34,32,106,1958-12-05
1808,Excellent,5,99,23,225,27,1990-02-06
1809,Average,4,48,42,321,18,1956-04-11
1810,Fair,3,34,22,24,3,1979-12-09
1811,Good,4,95,33,46,145,1960-10-12
1812,Excellent,5,88,16,242,83,1977-07-29
1813,Poor,2,61,27,317,115,1958-08-17
1814,Average,3,65,43,284,260,2006-02-02
1815,Average,3,89,22,37,36,2001-12-30
1816,Poor,2,94,41,214,176,1989-07-06
1817,Poor,2,47,31,126,82,1994-08-29
1818,Poor,2,41,26,259,77,2003-10-28
1819,Poor,2,47,27,316,54,1967-07-13
1820,Poor,2,36,41,214,176,1972-10-10
1821,Poor,2,67,24,106,267,1993-12-14
1822,Fair,3,37,27,26,132,1963-02-27
1823,Average,4,14,13,157,231,1993-03-03
1824,Poor,2,32,34,324,133,1996-11-25
1825,Average,3,99,23,332,268,1958-06-19
1826,Excellent,5,88,9,156,259,2000-11-01
1827,Good,4,70,43,187,59,1962-08-15
1828,Good,5,00,41,101,225,1991-10-26
1829,Poor,2,17,7,262,299,1995-10-17
1830,Excellent,5,51,41,103,239,1986-07-13
1831,Excellent,5,93,17,287,302,1994-01-28
1832,Excellent,5,64,31,229,86,2005-05-27
1833,Average,4,14,16,113,286,2005-04-18
1834,Poor,2,53,27,276,41,1970-01-10
1835,Poor,2,62,27,221,323,1964-12-11
1836,Average,3,53,27,26,132,1990-07-19
1837,Average,4,17,10,1,62,1954-02-16
1838,Poor,2,67,38,19,313,1955-06-03
1839,Average,3,76,16,269,206,1988-01-17
1840,Poor,2,53,16,269,206,1982-01-13
1841,Excellent,5,97,45,141,190,1996-06-03
1842,Poor,2,77,25,75,164,1987-01-19
1843,Average,3,59,45,143,244,1960-12-07
1844,Average,4,12,43,208,228,2003-08-06
1845,Fair,3,04,17,275,237,1992-10-27
1846,Fair,3,02,30,325,69,2007-01-29
1847,Good,5,11,24,171,80,1973-05-06
1848,Poor,2,10,32,69,320,1984-10-10
1849,Excellent,5,89,12,45,109,1966-09-11
1850,Good,5,45,18,4,180,1982-10-09
1851,Average,3,59,27,202,277,1965-08-07
1852,Poor,2,86,25,2,111,1978-09-07
1853,Poor,2,45,26,65,110,1999-05-07
1854,Good,5,23,27,26,132,1974-11-28
1855,Fair,3,45,20,254,25,1981-07-20
1856,Average,4,20,26,146,52,1988-10-11
1857,Poor,2,23,43,187,59,1998-03-29
1858,Fair,3,36,44,155,99,1982-07-23
1859,Poor,2,42,43,187,59,1986-04-09
1860,Average,4,14,19,28,63,2000-08-20
1861,Excellent,5,59,45,79,226,2005-05-12
1862,Good,4,76,19,244,119,1975-02-10
1863,Excellent,5,82,43,284,260,2002-04-23
1864,Good,4,98,25,257,327,1977-09-29
1865,Fair,3,41,31,78,72,1993-11-10
1866,Good,5,32,38,19,313,1963-05-19
1867,Average,3,73,24,142,306,1980-04-12
1868,Poor,2,08,13,182,73,1996-08-07
1869,Fair,3,02,27,202,277,1994-02-23
1870,Poor,2,35,31,160,304,1964-06-14
1871,Good,4,77,45,141,190,1988-05-21
1872,Excellent,5,81,36,193,233,1992-03-28
1873,Good,4,66,41,214,176,1968-10-11
1874,Excellent,5,94,16,242,83,1993-06-30
1875,Poor,2,40,10,1,62,1984-05-08
1876,Excellent,5,90,15,231,254,1959-11-27
1877,Excellent,5,79,13,137,224,1955-03-23
1878,Poor,2,02,12,45,109,1997-07-28
1879,Good,5,29,26,259,77,1957-01-29
1880,Poor,2,96,37,74,14,1959-05-21
1881,Poor,2,77,10,233,332,1980-06-28
1882,Good,4,59,36,281,156,1985-11-04
1883,Good,5,11,11,138,79,1978-02-15
1884,Poor,2,73,41,101,225,1966-01-08
1885,Average,3,91,10,17,235,1973-12-07
1886,Good,5,07,9,192,285,1968-05-24
1887,Good,5,18,9,294,146,1959-01-21
1888,Good,4,91,47,206,324,1983-05-23
1889,Good,5,09,39,55,124,1996-06-22
1890,Average,4,43,31,78,72,1984-03-02
1891,Fair,3,30,32,66,293,2000-04-21
1892,Poor,2,80,22,246,321,1979-07-27
1893,Poor,2,24,43,284,260,1977-02-23
1894,Excellent,5,62,38,60,39,1995-05-29
1895,Poor,2,95,47,290,114,1984-09-03
1896,Fair,3,21,18,4,180,1974-04-25
1897,Poor,2,96,19,277,177,1992-09-27
1898,Good,4,62,14,82,22,1991-03-11
1899,Poor,2,70,23,260,238,1962-09-26
1900,Average,3,72,46,292,15,1982-06-12
1901,Good,5,29,25,309,49,1979-10-20
1902,Good,5,02,24,295,7,1984-09-28
1903,Good,5,09,12,7,94,1998-08-18
1904,Excellent,5,53,17,84,96,1955-03-31
1905,Poor,2,67,25,88,178,2002-05-21
1906,Average,3,78,12,127,19,1981-05-11
1907,Average,4,20,44,176,204,1962-11-27
1908,Poor,2,51,41,101,225,1958-11-08
1909,Good,4,83,30,325,69,1998-07-22
1910,Average,3,55,27,276,41,1974-08-25
1911,Average,4,42,32,279,220,1986-07-22
1912,Poor,2,20,29,289,296,1953-09-01
1913,Average,4,08,16,53,278,1978-06-25
1914,Good,5,46,23,308,256,1979-11-20
1915,Fair,3,36,29,149,154,1973-02-22
1916,Poor,2,99,12,329,60,1972-07-08
1917,Excellent,5,65,45,220,272,2004-12-26
1918,Good,5,08,7,33,129,1989-04-16
1919,Fair,3,06,11,151,202,1956-10-24
1920,Average,4,35,26,255,74,1978-06-20
1921,Poor,2,13,15,191,213,1957-04-28
1922,Good,4,83,40,23,208,2004-11-20
1923,Fair,3,00,15,268,307,1953-02-16
1924,Good,4,59,26,97,42,1962-12-24
1925,Good,5,05,36,228,330,1972-02-23
1926,Average,3,96,22,24,3,1961-10-26
1927,Excellent,5,56,45,320,121,1968-02-03
1928,Good,5,04,8,237,246,1981-05-15
1929,Good,4,99,45,320,121,1961-10-27
1930,Good,5,19,7,125,280,1963-01-15
1931,Good,4,94,44,104,197,1975-03-01
1932,Fair,3,16,9,234,123,1972-01-12
1933,Good,5,32,22,186,90,1987-11-02
1934,Average,3,56,43,50,281,1982-08-20
1935,Average,3,68,30,148,88,1987-08-02
1936,Average,3,75,10,253,184,2003-09-30
1937,Excellent,5,50,8,100,31,1995-03-20
1938,Excellent,5,59,18,248,32,1975-11-19
1939,Poor,2,05,23,8,104,1971-08-21
1940,Poor,2,12,8,237,246,2000-07-28
1941,Poor,2,86,36,281,156,1958-06-29
1942,Good,4,67,29,319,118,1953-03-16
1943,Poor,2,07,17,47,44,1992-10-31
1944,Average,3,53,9,264,137,1974-10-30
1945,Poor,2,00,10,253,184,2005-08-11
1946,Fair,3,09,34,180,26,1999-08-22
1947,Good,4,73,20,139,273,1954-02-02
1948,Poor,2,79,31,78,72,2005-04-06
1949,Average,4,26,13,157,231,1975-04-07
1950,Excellent,5,96,19,190,105,1965-02-26
1951,Average,3,56,39,293,100,1977-04-30
1952,Average,3,88,7,125,280,1956-06-14
1953,Average,3,56,31,310,173,1987-05-19
1954,Average,4,36,45,79,226,1992-04-08
1955,Average,3,58,33,134,138,1978-02-14
1956,Poor,2,46,12,114,303,1982-11-29
1957,Average,4,02,25,21,116,1984-08-13
1958,Poor,2,49,38,60,39,1988-08-25
1959,Poor,2,48,30,158,165,1991-02-05
1960,Good,4,72,16,269,206,1993-07-26
1961,Average,4,23,46,292,15,1966-04-08
1962,Good,5,16,23,260,238,1989-07-14
1963,Average,3,52,36,281,156,2005-01-11
1964,Excellent,5,64,13,22,159,1988-07-08
1965,Good,4,62,17,287,302,2007-06-27
1966,Fair,3,26,19,244,119,1967-07-12
1967,Poor,2,89,33,298,120,1973-10-30
1968,Poor,2,51,39,263,298,2003-11-05
1969,Average,3,78,37,330,291,2000-04-19
1970,Excellent,5,62,27,93,136,1977-05-25
1971,Average,3,50,30,154,97,1985-04-20
1972,Poor,2,06,19,181,98,1982-02-07
1973,Good,5,03,22,37,36,1970-08-28
1974,Poor,2,93,45,79,226,1964-03-29
1975,Fair,3,48,28,159,112,1972-12-22
1976,Fair,3,47,14,14,310,1957-02-13
1977,Good,4,75,26,255,74,1965-01-21
1978,Good,5,47,29,289,296,1986-04-19
1979,Good,4,59,15,231,254,1965-05-15
1980,Average,3,95,14,82,22,1980-07-04
1981,Good,5,24,11,120,290,1960-09-23
1982,Good,4,77,32,279,220,1970-10-30
1983,Poor,2,78,47,290,114,1959-02-09
1984,Good,5,04,18,266,48,2004-08-31
1985,Average,3,63,8,304,329,1993-09-17
1986,Fair,3,05,35,102,64,1971-09-17
1987,Excellent,5,61,11,243,276,1992-08-26
1988,Poor,2,96,43,105,151,2003-07-27
1989,Excellent,5,99,17,47,44,1957-07-07
1990,Fair,3,22,34,261,93,1957-09-04
1991,Excellent,5,73,21,110,162,1972-02-17
1992,Good,5,00,33,116,61,1959-07-27
1993,Good,5,11,27,221,323,1992-10-13
1994,Fair,3,34,8,304,329,1986-01-25
1995,Average,3,90,14,14,310,1987-04-22
1996,Average,3,70,10,1,62,1976-12-15
1997,Fair,3,14,27,202,277,1956-03-05
1998,Poor,2,44,17,275,237,1957-04-26
1999,Good,4,92,15,121,50,1975-05-05
2000,Good,4,75,28,296,192,1991-02-01
